214.0 204.0
212.0 211.0
211.0 206.0
207.0 219.0
217.0 218.0
205.0 202.0
202.0 200.0
210.0 219.0
202.0 212.0
208.0 215.0
219.0 209.0
214.0 214.0
216.0 216.0
210.0 217.0
202.0 201.0
219.0 214.0
214.0 202.0
209.0 200.0
201.0 206.0
206.0 217.0
194.0 204.0
195.0 203.0
183.0 205.0
188.0 210.0
181.0 219.0
196.0 210.0
187.0 204.0
194.0 205.0
188.0 204.0
196.0 208.0
234.0 204.0
224.0 217.0
227.0 205.0
238.0 205.0
229.0 219.0
230.0 216.0
225.0 202.0
222.0 202.0
235.0 208.0
232.0 211.0
214.0 180.0
208.0 196.0
208.0 184.0
210.0 183.0
211.0 195.0
203.0 197.0
200.0 187.0
206.0 184.0
206.0 197.0
202.0 186.0
214.0 232.0
212.0 230.0
215.0 235.0
209.0 227.0
216.0 237.0
219.0 223.0
204.0 235.0
210.0 224.0
217.0 221.0
219.0 237.0
194.0 239.0
192.0 229.0
199.0 223.0
191.0 234.0
195.0 236.0
193.0 225.0
185.0 231.0
189.0 230.0
193.0 230.0
189.0 239.0
234.0 228.0
225.0 223.0
220.0 234.0
231.0 220.0
227.0 233.0
226.0 231.0
237.0 238.0
222.0 223.0
235.0 234.0
225.0 235.0
194.0 187.0
180.0 181.0
187.0 192.0
183.0 196.0
182.0 194.0
182.0 192.0
184.0 184.0
197.0 193.0
195.0 182.0
196.0 184.0
234.0 187.0
228.0 195.0
231.0 193.0
232.0 191.0
231.0 194.0
237.0 198.0
222.0 182.0
225.0 189.0
221.0 186.0
233.0 188.0
288.0 84.0
35.0 188.0
335.0 264.0
283.0 86.0
35.0 199.0
92.0 121.0
310.0 98.0
353.0 162.0
390.0 389.0
382.0 120.0
255.0 77.0
70.0 188.0
18.0 388.0
303.0 117.0
43.0 399.0
130.0 292.0
21.0 12.0
105.0 324.0
287.0 172.0
99.0 333.0
312.0 324.0
3.0 107.0
378.0 290.0
274.0 188.0
140.0 32.0
213.0 356.0
41.0 194.0
18.0 97.0
115.0 40.0
34.0 85.0
173.0 242.0
365.0 221.0
342.0 312.0
256.0 74.0
61.0 352.0
7.0 291.0
199.0 161.0
26.0 61.0
130.0 27.0
256.0 297.0
186.0 334.0
230.0 99.0
316.0 227.0
289.0 98.0
366.0 200.0
346.0 0.0
239.0 15.0
66.0 298.0
29.0 211.0
214.0 70.0
242.0 211.0
42.0 68.0
112.0 338.0
279.0 55.0
82.0 5.0
52.0 72.0
380.0 72.0
354.0 108.0
153.0 164.0
292.0 357.0
320.0 67.0
258.0 101.0
201.0 167.0
179.0 380.0
363.0 29.0
180.0 78.0
224.0 310.0
202.0 25.0
151.0 325.0
322.0 382.0
331.0 327.0
371.0 189.0
301.0 117.0
266.0 55.0
23.0 150.0
143.0 380.0
161.0 95.0
225.0 241.0
296.0 169.0
58.0 118.0
210.0 10.0
26.0 186.0
18.0 6.0
158.0 175.0
221.0 87.0
174.0 369.0
174.0 166.0
9.0 239.0
2.0 316.0
252.0 163.0
47.0 188.0
18.0 58.0
64.0 97.0
10.0 347.0
316.0 237.0
252.0 26.0
15.0 46.0
189.0 86.0
146.0 391.0
258.0 76.0
237.0 236.0
232.0 87.0
240.0 332.0
285.0 254.0
43.0 65.0
148.0 140.0
348.0 319.0
12.0 20.0
66.0 247.0
253.0 182.0
182.0 343.0
179.0 255.0
288.0 309.0
265.0 62.0
42.0 133.0
232.0 34.0
44.0 286.0
96.0 155.0
312.0 339.0
366.0 323.0
27.0 193.0
385.0 217.0
300.0 125.0
95.0 72.0
22.0 187.0
136.0 4.0
218.0 131.0
316.0 266.0
189.0 379.0
103.0 71.0
158.0 221.0
3.0 398.0
226.0 205.0
277.0 57.0
50.0 366.0
305.0 319.0
45.0 137.0
330.0 275.0
278.0 310.0
168.0 151.0
73.0 228.0
361.0 123.0
330.0 137.0
73.0 200.0
219.0 70.0
201.0 132.0
157.0 399.0
191.0 154.0
219.0 72.0
27.0 148.0
223.0 131.0
167.0 121.0
206.0 22.0
331.0 288.0
311.0 396.0
222.0 171.0
5.0 252.0
207.0 166.0
78.0 299.0
179.0 351.0
208.0 362.0
197.0 6.0
19.0 115.0
320.0 28.0
127.0 226.0
53.0 162.0
28.0 252.0
66.0 332.0
281.0 40.0
266.0 54.0
29.0 114.0
191.0 368.0
315.0 319.0
312.0 30.0
54.0 180.0
364.0 341.0
200.0 27.0
265.0 185.0
37.0 354.0
324.0 78.0
229.0 323.0
135.0 228.0
118.0 111.0
291.0 308.0
236.0 326.0
180.0 229.0
315.0 92.0
310.0 149.0
169.0 170.0
331.0 148.0
154.0 78.0
337.0 387.0
245.0 359.0
208.0 175.0
121.0 388.0
155.0 197.0
198.0 88.0
50.0 374.0
128.0 227.0
343.0 273.0
74.0 138.0
233.0 264.0
255.0 251.0
375.0 237.0
274.0 27.0
313.0 247.0
357.0 245.0
72.0 278.0
282.0 2.0
254.0 80.0
397.0 206.0
289.0 303.0
10.0 168.0
184.0 136.0
299.0 316.0
64.0 348.0
171.0 339.0
344.0 39.0
190.0 289.0
295.0 123.0
231.0 301.0
167.0 204.0
399.0 203.0
186.0 45.0
133.0 279.0
349.0 288.0
307.0 266.0
334.0 243.0
158.0 287.0
258.0 275.0
6.0 258.0
67.0 68.0
114.0 368.0
333.0 396.0
63.0 281.0
349.0 8.0
2.0 192.0
29.0 210.0
348.0 159.0
24.0 335.0
352.0 55.0
209.0 130.0
131.0 186.0
367.0 298.0
146.0 179.0
379.0 366.0
273.0 8.0
37.0 125.0
171.0 176.0
274.0 161.0
348.0 53.0
276.0 394.0
336.0 231.0
79.0 120.0
237.0 80.0
180.0 83.0
326.0 191.0
281.0 3.0
170.0 323.0
4.0 138.0
387.0 177.0
231.0 148.0
136.0 302.0
315.0 153.0
225.0 119.0
83.0 128.0
127.0 300.0
391.0 362.0
51.0 313.0
268.0 272.0
306.0 204.0
136.0 243.0
314.0 382.0
88.0 261.0
190.0 280.0
16.0 348.0
86.0 377.0
179.0 68.0
241.0 289.0
159.0 269.0
174.0 289.0
290.0 55.0
378.0 103.0
234.0 91.0
180.0 98.0
328.0 236.0
379.0 303.0
342.0 180.0
20.0 188.0
81.0 125.0
16.0 289.0
72.0 229.0
298.0 53.0
25.0 130.0
178.0 295.0
178.0 168.0
387.0 143.0
102.0 357.0
267.0 201.0
212.0 59.0
