


************************************************************
EXPERIMENT:  wrp-outdoors-mica1
DATE:  Sat May 10 19:03:58 2003
PARAMETERS:
  total number of packets: 200
  packet size: 200 bytes
  period time: 500 miliseconds
  power setting: 15 units
************************************************************

NODE 1 (29.000000 14.000000 0.000000):
--------------------------------------
[2] 33 16.50 157
[5] 81 40.50 200

NODE 2 (29.000000 18.000000 0.000000):
--------------------------------------
[1] 119 59.50 200
[3] 7 3.50 160
[5] 2 1.00 184
[6] 196 98.00 200
[8] 198 99.00 200
[13] 190 95.00 200
[14] 198 99.00 200
[15] 53 26.50 200
[16] 55 27.50 199

NODE 3 (33.000000 18.000000 0.000000):
--------------------------------------
[2] 1 0.50 190
[6] 1 0.50 184
[8] 162 81.00 200
[16] 195 97.50 200

NODE 5 (33.000000 14.000000 0.000000):
--------------------------------------
[1] 140 70.00 200

NODE 7 (25.000000 26.000000 0.000000):
--------------------------------------
[2] 1 0.50 25
[8] 198 99.00 200
[9] 196 98.00 200
[10] 196 98.00 200
[11] 198 99.00 200
[14] 175 87.50 200
[15] 193 96.50 200
[16] 79 39.50 181

NODE 16 (33.000000 26.000000 0.000000):
--------------------------------------
[3] 24 12.00 186
[14] 2 1.00 82
[15] 197 98.50 200

NODE 15 (17.000000 10.000000 0.000000):
--------------------------------------
[2] 30 15.00 198
[6] 197 98.50 200
[7] 173 86.50 200
[10] 56 28.00 183
[12] 199 99.50 200
[14] 169 84.50 200
[16] 193 96.50 199

NODE 14 (37.000000 18.000000 0.000000):
--------------------------------------
[2] 193 96.50 200
[4] 197 98.50 200
[7] 165 82.50 200
[11] 128 64.00 200
[15] 192 96.00 200
[16] 45 22.50 197

NODE 13 (37.000000 22.000000 0.000000):
--------------------------------------
[2] 199 99.50 200
[7] 2 1.00 78
[8] 197 98.50 200
[9] 194 97.00 200
[10] 1 0.50 93
[11] 194 97.00 200

NODE 12 (37.000000 14.000000 0.000000):
--------------------------------------
[8] 24 12.00 194
[15] 200 100.00 200

NODE 11 (29.000000 22.000000 0.000000):
--------------------------------------
[7] 200 100.00 200
[10] 84 42.00 197
[13] 59 29.50 200
[14] 73 36.50 196

NODE 10 (37.000000 26.000000 0.000000):
--------------------------------------
[7] 197 98.50 200
[8] 139 69.50 200
[11] 86 43.00 200
[15] 147 73.50 199

NODE 9 (29.000000 26.000000 0.000000):
--------------------------------------
[7] 196 98.00 200

NODE 8 (21.000000 26.000000 0.000000):
--------------------------------------
[2] 196 98.00 200
[3] 116 58.00 200
[6] 1 0.50 156
[7] 198 99.00 200
[10] 91 45.50 197
[12] 19 9.50 178
[13] 199 99.50 200

NODE 6 (33.000000 22.000000 0.000000):
--------------------------------------
[2] 198 99.00 200
[3] 55 27.50 156
[4] 197 98.50 200
[15] 199 99.50 200

NODE 4 (29.000000 8.000000 0.000000):
--------------------------------------
[3] 63 31.50 148
[6] 199 99.50 200
[14] 198 99.00 199




************************************************************
EXPERIMENT:  wrp-outdoors-mica1
DATE:  Sat May 10 19:31:48 2003
PARAMETERS:
  total number of packets: 200
  packet size: 200 bytes
  period time: 500 miliseconds
  power setting: 10 units
************************************************************

NODE 1 (29.000000 14.000000 0.000000):
--------------------------------------
[5] 173 86.50 200

NODE 2 (29.000000 18.000000 0.000000):
--------------------------------------
[3] 181 90.50 199
[6] 200 100.00 200
[7] 82 41.00 191
[8] 200 100.00 200
[13] 198 99.00 200
[14] 197 98.50 200
[15] 190 95.00 200
[16] 195 97.50 200

NODE 3 (33.000000 18.000000 0.000000):
--------------------------------------
[2] 171 85.50 200
[6] 200 100.00 200
[8] 131 65.50 196
[11] 4 2.00 109
[14] 152 76.00 200
[16] 195 97.50 200

NODE 8 (21.000000 26.000000 0.000000):
--------------------------------------
[2] 198 99.00 200
[3] 122 61.00 200
[7] 199 99.50 200
[10] 117 58.50 200
[11] 39 19.50 140
[13] 197 98.50 200

NODE 7 (25.000000 26.000000 0.000000):
--------------------------------------
[2] 57 28.50 194
[8] 198 99.00 200
[9] 198 99.00 200
[10] 198 99.00 200
[11] 196 98.00 200
[12] 11 5.50 161
[14] 189 94.50 200
[15] 194 97.00 200
[16] 131 65.50 200

NODE 6 (33.000000 22.000000 0.000000):
--------------------------------------
[2] 198 99.00 200
[3] 199 99.50 200
[4] 199 99.50 200
[15] 192 96.00 200

NODE 4 (29.000000 8.000000 0.000000):
--------------------------------------
[3] 88 44.00 200
[6] 199 99.50 200
[14] 198 99.00 200

NODE 5 (33.000000 14.000000 0.000000):
--------------------------------------
[1] 196 98.00 200

NODE 14 (37.000000 18.000000 0.000000):
--------------------------------------
[2] 197 98.50 200
[3] 4 2.00 143
[4] 193 96.50 200
[7] 194 97.00 200
[11] 145 72.50 200
[15] 191 95.50 200
[16] 104 52.00 200

NODE 13 (37.000000 22.000000 0.000000):
--------------------------------------
[2] 197 98.50 200
[3] 3 1.50 134
[7] 99 49.50 200
[8] 199 99.50 200
[9] 200 100.00 200
[10] 106 53.00 199
[11] 192 96.00 200

NODE 12 (37.000000 14.000000 0.000000):
--------------------------------------
[8] 1 0.50 118
[15] 198 99.00 200

NODE 11 (29.000000 22.000000 0.000000):
--------------------------------------
[7] 200 100.00 200
[10] 172 86.00 200
[13] 177 88.50 200
[14] 173 86.50 200
[15] 61 30.50 200

NODE 10 (37.000000 26.000000 0.000000):
--------------------------------------
[7] 199 99.50 200
[8] 151 75.50 200
[9] 7 3.50 188
[11] 162 81.00 200
[15] 185 92.50 200

NODE 16 (33.000000 26.000000 0.000000):
--------------------------------------
[2] 119 59.50 199
[3] 197 98.50 200
[7] 56 28.00 200
[14] 3 1.50 113
[15] 197 98.50 200

NODE 15 (17.000000 10.000000 0.000000):
--------------------------------------
[2] 138 69.00 200
[6] 186 93.00 200
[7] 171 85.50 200
[10] 140 70.00 200
[11] 26 13.00 200
[12] 196 98.00 200
[14] 193 96.50 200
[16] 197 98.50 200

NODE 9 (29.000000 26.000000 0.000000):
--------------------------------------
[7] 197 98.50 200
[10] 2 1.00 146
[13] 36 18.00 195




************************************************************
EXPERIMENT:  wrp-outdoors-mica1 -- 5 dropped everything, and 4 was dead at some point
DATE:  Sat May 10 19:59:39 2003
PARAMETERS:
  total number of packets: 200
  packet size: 200 bytes
  period time: 500 miliseconds
  power setting: 5 units
************************************************************

NODE 1 (29.000000 14.000000 0.000000):
--------------------------------------

NODE 2 (29.000000 18.000000 0.000000):
--------------------------------------
[3] 183 91.50 200
[6] 194 97.00 200
[7] 200 100.00 200
[8] 200 100.00 200
[11] 30 15.00 199
[13] 194 97.00 200
[14] 193 96.50 200
[15] 199 99.50 200
[16] 197 98.50 200

NODE 3 (33.000000 18.000000 0.000000):
--------------------------------------
[2] 199 99.50 200
[4] 39 19.50 174
[6] 194 97.00 200
[8] 176 88.00 200
[11] 153 76.50 199
[14] 191 95.50 200
[15] 3 1.50 198
[16] 195 97.50 200

NODE 4 (29.000000 8.000000 0.000000):
--------------------------------------
[2] 1 0.50 87
[3] 179 89.50 200
[6] 197 98.50 200
[11] 47 23.50 184
[13] 17 8.50 136
[14] 197 98.50 200
[15] 196 98.00 200

NODE 9 (29.000000 26.000000 0.000000):
--------------------------------------
[7] 199 99.50 200
[13] 145 72.50 200

NODE 8 (21.000000 26.000000 0.000000):
--------------------------------------
[2] 198 99.00 200
[3] 6 3.00 189
[7] 200 100.00 200
[10] 76 38.00 200
[11] 98 49.00 198
[12] 136 68.00 199
[13] 198 99.00 200

NODE 7 (25.000000 26.000000 0.000000):
--------------------------------------
[2] 197 98.50 200
[8] 197 98.50 200
[9] 195 97.50 200
[10] 196 98.00 200
[11] 196 98.00 200
[12] 87 43.50 199
[14] 194 97.00 200
[15] 196 98.00 200
[16] 164 82.00 200

NODE 6 (33.000000 22.000000 0.000000):
--------------------------------------
[2] 198 99.00 200
[3] 195 97.50 200
[4] 190 95.00 200
[14] 115 57.50 200
[15] 198 99.00 200

NODE 10 (37.000000 26.000000 0.000000):
--------------------------------------
[2] 1 0.50 143
[7] 199 99.50 200
[8] 120 60.00 199
[11] 197 98.50 200
[14] 79 39.50 200
[15] 198 99.00 200

NODE 5 (33.000000 14.000000 0.000000):
--------------------------------------
[427087360] 1 0.50 4222133309371394

NODE 14 (37.000000 18.000000 0.000000):
--------------------------------------
[2] 198 99.00 200
[4] 193 96.50 200
[6] 81 40.50 197
[7] 194 97.00 200
[10] 25 12.50 177
[11] 180 90.00 200
[15] 199 99.50 200
[16] 184 92.00 200

NODE 13 (37.000000 22.000000 0.000000):
--------------------------------------
[2] 196 98.00 200
[3] 13 6.50 191
[7] 5 2.50 195
[8] 198 99.00 200
[9] 198 99.00 200
[10] 86 43.00 200
[11] 192 96.00 200

NODE 12 (37.000000 14.000000 0.000000):
--------------------------------------
[7] 32 16.00 194
[8] 67 33.50 198
[15] 198 99.00 200

NODE 16 (33.000000 26.000000 0.000000):
--------------------------------------
[2] 197 98.50 200
[3] 197 98.50 200
[7] 181 90.50 200
[14] 169 84.50 200
[15] 199 99.50 200

NODE 15 (17.000000 10.000000 0.000000):
--------------------------------------
[2] 199 99.50 200
[6] 193 96.50 200
[7] 186 93.00 200
[10] 170 85.00 200
[11] 128 64.00 199
[12] 198 99.00 200
[14] 198 99.00 200
[16] 180 90.00 200

NODE 11 (29.000000 22.000000 0.000000):
--------------------------------------
[7] 198 99.00 200
[8] 33 16.50 179
[10] 157 78.50 200
[13] 195 97.50 200
[14] 194 97.00 200
[15] 149 74.50 199

