


************************************************************
EXPERIMENT:  wrp-outdoors-power
DATE:  Sat May 10 14:23:33 2003
PARAMETERS:
  total number of packets: 200
  packet size: 200 bytes
  period time: 1000 miliseconds
  power setting: 100 units
************************************************************

NODE 1 (29.000000 14.000000 0.000000):
--------------------------------------
[2] 200 100.00 200
[3] 53 26.50 197
[4] 190 95.00 200
[5] 200 100.00 200
[6] 200 100.00 200
[7] 110 55.00 200
[8] 195 97.50 200
[9] 200 100.00 200
[10] 1 0.50 34
[11] 200 100.00 200
[12] 200 100.00 200
[13] 197 98.50 199
[14] 179 89.50 200
[15] 197 98.50 200
[16] 58 29.00 196

NODE 2 (29.000000 18.000000 0.000000):
--------------------------------------
[1] 200 100.00 200
[3] 200 100.00 200
[4] 200 100.00 200
[5] 200 100.00 200
[6] 200 100.00 200
[7] 200 100.00 200
[8] 200 100.00 200
[9] 200 100.00 200
[10] 198 99.00 200
[11] 200 100.00 200
[12] 200 100.00 200
[13] 200 100.00 200
[14] 200 100.00 200
[15] 192 96.00 200
[16] 200 100.00 200

NODE 3 (33.000000 18.000000 0.000000):
--------------------------------------
[1] 116 58.00 200
[2] 200 100.00 200
[4] 200 100.00 200
[5] 131 65.50 200
[6] 200 100.00 200
[7] 200 100.00 200
[8] 200 100.00 200
[9] 200 100.00 200
[10] 200 100.00 200
[11] 200 100.00 200
[12] 200 100.00 200
[13] 200 100.00 200
[14] 200 100.00 200
[15] 200 100.00 200
[16] 177 88.50 200

NODE 6 (33.000000 22.000000 0.000000):
--------------------------------------
[1] 198 99.00 200
[2] 200 100.00 200
[3] 200 100.00 200
[4] 200 100.00 200
[5] 200 100.00 200
[7] 200 100.00 200
[8] 68 34.00 138
[9] 200 100.00 200
[10] 200 100.00 200
[11] 200 100.00 200
[12] 200 100.00 200
[13] 200 100.00 200
[14] 200 100.00 200
[15] 200 100.00 200
[16] 200 100.00 200

NODE 5 (33.000000 14.000000 0.000000):
--------------------------------------
[1] 200 100.00 200
[2] 200 100.00 200
[3] 184 92.00 200
[4] 200 100.00 200
[6] 200 100.00 200
[7] 200 100.00 200
[8] 200 100.00 200
[9] 200 100.00 200
[10] 92 46.00 184
[11] 200 100.00 200
[12] 179 89.50 200
[13] 198 99.00 200
[14] 193 96.50 200
[15] 200 100.00 200
[16] 200 100.00 200

NODE 8 (21.000000 26.000000 0.000000):
--------------------------------------
[1] 199 99.50 200
[2] 200 100.00 200
[3] 200 100.00 200
[4] 200 100.00 200
[5] 200 100.00 200
[6] 60 30.00 196
[7] 200 100.00 200
[9] 200 100.00 200
[10] 168 84.00 200
[11] 200 100.00 200
[12] 200 100.00 200
[13] 200 100.00 200
[14] 189 94.50 200
[15] 200 100.00 200
[16] 200 100.00 200

NODE 11 (29.000000 22.000000 0.000000):
--------------------------------------
[1] 200 100.00 200
[2] 200 100.00 200
[3] 200 100.00 200
[4] 104 52.00 199
[5] 200 100.00 200
[6] 200 100.00 200
[7] 200 100.00 200
[8] 200 100.00 200
[9] 197 98.50 200
[10] 200 100.00 200
[12] 185 92.50 200
[13] 200 100.00 200
[14] 77 38.50 199
[15] 200 100.00 200
[16] 190 95.00 200

NODE 10 (37.000000 26.000000 0.000000):
--------------------------------------
[1] 1 0.50 110
[2] 198 99.00 200
[3] 200 100.00 200
[4] 200 100.00 200
[5] 189 94.50 200
[6] 200 100.00 200
[7] 200 100.00 200
[8] 83 41.50 200
[9] 199 99.50 200
[11] 200 100.00 200
[12] 185 92.50 199
[13] 200 100.00 200
[14] 200 100.00 200
[15] 200 100.00 200
[16] 200 100.00 200

NODE 9 (29.000000 26.000000 0.000000):
--------------------------------------
[1] 200 100.00 200
[2] 200 100.00 200
[3] 200 100.00 200
[4] 200 100.00 200
[5] 200 100.00 200
[6] 200 100.00 200
[7] 200 100.00 200
[8] 200 100.00 200
[10] 198 99.00 200
[11] 199 99.50 200
[12] 172 86.00 200
[13] 200 100.00 200
[14] 152 76.00 200
[15] 200 100.00 200
[16] 200 100.00 200

NODE 7 (25.000000 26.000000 0.000000):
--------------------------------------
[1] 151 75.50 200
[2] 200 100.00 200
[3] 200 100.00 200
[4] 200 100.00 200
[5] 200 100.00 200
[6] 200 100.00 200
[8] 183 91.50 200
[9] 200 100.00 200
[10] 200 100.00 200
[11] 200 100.00 200
[12] 200 100.00 200
[13] 200 100.00 200
[14] 193 96.50 200
[15] 200 100.00 200
[16] 198 99.00 200

NODE 13 (37.000000 22.000000 0.000000):
--------------------------------------
[1] 200 100.00 200
[2] 200 100.00 200
[3] 200 100.00 200
[4] 174 87.00 200
[5] 200 100.00 200
[6] 200 100.00 200
[7] 200 100.00 200
[8] 200 100.00 200
[9] 200 100.00 200
[10] 200 100.00 200
[11] 200 100.00 200
[12] 181 90.50 200
[14] 200 100.00 200
[15] 200 100.00 200
[16] 200 100.00 200

NODE 15 (17.000000 10.000000 0.000000):
--------------------------------------
[1] 200 100.00 200
[2] 199 99.50 200
[3] 200 100.00 200
[4] 200 100.00 200
[5] 200 100.00 200
[6] 200 100.00 200
[7] 200 100.00 200
[8] 196 98.00 200
[9] 200 100.00 200
[10] 200 100.00 200
[11] 200 100.00 200
[12] 200 100.00 200
[13] 200 100.00 200
[14] 200 100.00 200
[16] 46 23.00 200

NODE 16 (33.000000 26.000000 0.000000):
--------------------------------------
[1] 160 80.00 200
[2] 185 92.50 200
[3] 197 98.50 200
[4] 200 100.00 200
[5] 200 100.00 200
[6] 200 100.00 200
[7] 198 99.00 200
[8] 200 100.00 200
[9] 199 99.50 200
[10] 200 100.00 200
[11] 200 100.00 200
[12] 173 86.50 200
[13] 199 99.50 200
[14] 200 100.00 200
[15] 96 48.00 188

NODE 14 (37.000000 18.000000 0.000000):
--------------------------------------
[1] 171 85.50 196
[2] 200 100.00 200
[3] 200 100.00 200
[4] 200 100.00 200
[5] 183 91.50 199
[6] 200 100.00 200
[7] 200 100.00 200
[8] 199 99.50 200
[9] 200 100.00 200
[10] 199 99.50 200
[11] 176 88.00 200
[12] 194 97.00 200
[13] 200 100.00 200
[15] 200 100.00 200
[16] 200 100.00 200

NODE 12 (37.000000 14.000000 0.000000):
--------------------------------------
[1] 200 100.00 200
[2] 200 100.00 200
[3] 200 100.00 200
[4] 200 100.00 200
[5] 200 100.00 200
[6] 200 100.00 200
[7] 200 100.00 200
[8] 200 100.00 200
[9] 197 98.50 200
[10] 200 100.00 200
[11] 199 99.50 200
[13] 188 94.00 200
[14] 193 96.50 200
[15] 200 100.00 200
[16] 173 86.50 200

NODE 4 (29.000000 8.000000 0.000000):
--------------------------------------
[1] 200 100.00 200
[2] 183 91.50 199
[3] 200 100.00 200
[5] 198 99.00 200
[6] 200 100.00 200
[7] 200 100.00 200
[8] 200 100.00 200
[9] 200 100.00 200
[10] 200 100.00 200
[11] 129 64.50 200
[12] 200 100.00 200
[13] 163 81.50 200
[14] 200 100.00 200
[15] 200 100.00 200
[16] 200 100.00 200




************************************************************
EXPERIMENT:  wrp-outdoors-power
DATE:  Sat May 10 15:18:18 2003
PARAMETERS:
  total number of packets: 200
  packet size: 200 bytes
  period time: 1000 miliseconds
  power setting: 50 units
************************************************************

NODE 1 (29.000000 14.000000 0.000000):
--------------------------------------
[2] 200 100.00 200
[4] 181 90.50 200
[5] 200 100.00 200
[6] 183 91.50 200
[7] 5 2.50 157
[8] 75 37.50 184
[9] 199 99.50 200
[11] 174 87.00 200
[12] 172 86.00 200
[13] 160 80.00 200
[14] 44 22.00 196
[15] 173 86.50 200
[16] 26 13.00 164

NODE 2 (29.000000 18.000000 0.000000):
--------------------------------------
[1] 200 100.00 200
[3] 200 100.00 200
[4] 61 30.50 196
[5] 200 100.00 200
[6] 200 100.00 200
[7] 200 100.00 200
[8] 195 97.50 200
[9] 200 100.00 200
[10] 5 2.50 188
[11] 195 97.50 200
[12] 200 100.00 200
[13] 101 50.50 200
[14] 200 100.00 200
[15] 200 100.00 200
[16] 192 96.00 200

NODE 3 (33.000000 18.000000 0.000000):
--------------------------------------
[1] 12 6.00 188
[2] 200 100.00 200
[4] 200 100.00 200
[5] 195 97.50 200
[6] 200 100.00 200
[7] 200 100.00 200
[8] 200 100.00 200
[9] 199 99.50 200
[10] 200 100.00 200
[11] 199 99.50 200
[12] 200 100.00 200
[13] 200 100.00 200
[14] 200 100.00 200
[15] 200 100.00 200
[16] 148 74.00 200

NODE 4 (29.000000 8.000000 0.000000):
--------------------------------------
[1] 197 98.50 200
[2] 113 56.50 200
[3] 200 100.00 200
[5] 200 100.00 200
[6] 200 100.00 200
[7] 200 100.00 200
[8] 200 100.00 200
[9] 200 100.00 200
[10] 200 100.00 200
[11] 92 46.00 198
[12] 200 100.00 200
[13] 134 67.00 200
[14] 200 100.00 200
[15] 200 100.00 200
[16] 200 100.00 200

NODE 6 (33.000000 22.000000 0.000000):
--------------------------------------
[1] 195 97.50 200
[2] 194 97.00 200
[3] 200 100.00 200
[4] 200 100.00 200
[5] 200 100.00 200
[7] 199 99.50 200
[8] 21 10.50 189
[9] 200 100.00 200
[10] 200 100.00 200
[11] 200 100.00 200
[12] 200 100.00 200
[13] 199 99.50 200
[14] 199 99.50 200
[15] 200 100.00 200
[16] 65 32.50 200

NODE 5 (33.000000 14.000000 0.000000):
--------------------------------------
[1] 200 100.00 200
[2] 200 100.00 200
[3] 184 92.00 200
[4] 200 100.00 200
[6] 200 100.00 200
[7] 200 100.00 200
[8] 121 60.50 200
[9] 198 99.00 200
[10] 2 1.00 91
[11] 200 100.00 200
[12] 200 100.00 200
[13] 197 98.50 200
[14] 196 98.00 200
[15] 200 100.00 200
[16] 200 100.00 200

NODE 7 (25.000000 26.000000 0.000000):
--------------------------------------
[1] 58 29.00 200
[2] 200 100.00 200
[3] 200 100.00 200
[4] 200 100.00 200
[5] 200 100.00 200
[6] 200 100.00 200
[8] 187 93.50 200
[9] 200 100.00 200
[10] 200 100.00 200
[11] 200 100.00 200
[12] 200 100.00 200
[13] 200 100.00 200
[14] 145 72.50 200
[15] 200 100.00 200
[16] 163 81.50 200

NODE 9 (29.000000 26.000000 0.000000):
--------------------------------------
[1] 200 100.00 200
[2] 200 100.00 200
[3] 198 99.00 200
[4] 200 100.00 200
[5] 196 98.00 200
[6] 198 99.00 200
[7] 200 100.00 200
[8] 200 100.00 200
[10] 140 70.00 200
[11] 194 97.00 200
[12] 74 37.00 198
[13] 200 100.00 200
[14] 100 50.00 200
[15] 195 97.50 200
[16] 187 93.50 200

NODE 8 (21.000000 26.000000 0.000000):
--------------------------------------
[1] 172 86.00 200
[2] 200 100.00 200
[3] 200 100.00 200
[4] 200 100.00 200
[5] 168 84.00 200
[6] 24 12.00 200
[7] 200 100.00 200
[9] 200 100.00 200
[10] 4 2.00 200
[11] 200 100.00 200
[12] 200 100.00 200
[13] 200 100.00 200
[14] 156 78.00 200
[15] 162 81.00 200
[16] 200 100.00 200

NODE 10 (37.000000 26.000000 0.000000):
--------------------------------------
[2] 51 25.50 191
[3] 160 80.00 200
[4] 200 100.00 200
[6] 197 98.50 200
[7] 200 100.00 200
[9] 83 41.50 193
[11] 200 100.00 200
[12] 184 92.00 200
[13] 200 100.00 200
[14] 179 89.50 200
[15] 200 100.00 200
[16] 200 100.00 200

NODE 11 (29.000000 22.000000 0.000000):
--------------------------------------
[1] 163 81.50 196
[2] 178 89.00 200
[3] 119 59.50 199
[4] 36 18.00 199
[5] 190 95.00 200
[6] 199 99.50 200
[7] 200 100.00 200
[8] 153 76.50 200
[9] 128 64.00 192
[10] 200 100.00 200
[12] 112 56.00 200
[13] 200 100.00 200
[14] 2 1.00 147
[15] 200 100.00 200
[16] 141 70.50 195

NODE 12 (37.000000 14.000000 0.000000):
--------------------------------------
[1] 189 94.50 200
[2] 200 100.00 200
[3] 200 100.00 200
[4] 200 100.00 200
[5] 200 100.00 200
[6] 200 100.00 200
[7] 200 100.00 200
[8] 200 100.00 200
[9] 82 41.00 200
[10] 199 99.50 200
[11] 199 99.50 200
[13] 149 74.50 200
[14] 138 69.00 200
[15] 200 100.00 200
[16] 38 19.00 189

NODE 13 (37.000000 22.000000 0.000000):
--------------------------------------
[1] 197 98.50 200
[2] 191 95.50 200
[3] 200 100.00 200
[4] 79 39.50 199
[5] 200 100.00 200
[6] 200 100.00 200
[7] 200 100.00 200
[8] 200 100.00 200
[9] 200 100.00 200
[10] 200 100.00 200
[11] 200 100.00 200
[12] 130 65.00 200
[14] 199 99.50 200
[15] 200 100.00 200
[16] 181 90.50 200

NODE 15 (17.000000 10.000000 0.000000):
--------------------------------------
[1] 194 97.00 200
[2] 200 100.00 200
[3] 200 100.00 200
[4] 200 100.00 200
[5] 199 99.50 200
[6] 200 100.00 200
[7] 200 100.00 200
[8] 82 41.00 200
[9] 175 87.50 200
[10] 200 100.00 200
[11] 200 100.00 200
[12] 200 100.00 200
[13] 200 100.00 200
[14] 190 95.00 200
[16] 9 4.50 141

NODE 16 (33.000000 26.000000 0.000000):
--------------------------------------
[1] 34 17.00 198
[2] 191 95.50 200
[3] 82 41.00 198
[4] 200 100.00 200
[5] 200 100.00 200
[6] 197 98.50 200
[7] 199 99.50 200
[8] 200 100.00 200
[9] 192 96.00 200
[10] 200 100.00 200
[11] 200 100.00 200
[12] 17 8.50 200
[13] 188 94.00 200
[14] 200 100.00 200
[15] 44 22.00 145

NODE 14 (37.000000 18.000000 0.000000):
--------------------------------------
[1] 142 71.00 200
[2] 200 100.00 200
[3] 200 100.00 200
[4] 200 100.00 200
[5] 180 90.00 200
[6] 199 99.50 200
[7] 194 97.00 200
[8] 192 96.00 200
[9] 81 40.50 195
[10] 189 94.50 200
[11] 102 51.00 195
[12] 153 76.50 200
[13] 200 100.00 200
[15] 191 95.50 200
[16] 200 100.00 200




************************************************************
EXPERIMENT:  wrp-outdoors-power
DATE:  Sat May 10 16:13:02 2003
PARAMETERS:
  total number of packets: 200
  packet size: 200 bytes
  period time: 1000 miliseconds
  power setting: 25 units
************************************************************

NODE 1 (29.000000 14.000000 0.000000):
--------------------------------------
[2] 200 100.00 200
[4] 122 61.00 200
[5] 200 100.00 200
[6] 184 92.00 200
[7] 52 26.00 181
[8] 18 9.00 197
[9] 167 83.50 200
[11] 171 85.50 200
[12] 113 56.50 199
[13] 150 75.00 200
[14] 106 53.00 197
[15] 148 74.00 200
[16] 26 13.00 179

NODE 2 (29.000000 18.000000 0.000000):
--------------------------------------
[1] 200 100.00 200
[3] 200 100.00 200
[4] 70 35.00 166
[5] 200 100.00 200
[6] 175 87.50 200
[7] 200 100.00 200
[8] 194 97.00 200
[9] 200 100.00 200
[10] 23 11.50 200
[11] 142 71.00 200
[12] 200 100.00 200
[13] 30 15.00 194
[14] 200 100.00 200
[15] 200 100.00 200
[16] 148 74.00 200

NODE 3 (33.000000 18.000000 0.000000):
--------------------------------------
[1] 4 2.00 182
[2] 200 100.00 200
[4] 200 100.00 200
[5] 193 96.50 200
[6] 200 100.00 200
[7] 200 100.00 200
[8] 200 100.00 200
[9] 195 97.50 200
[10] 198 99.00 200
[11] 199 99.50 200
[12] 200 100.00 200
[13] 200 100.00 200
[14] 200 100.00 200
[15] 200 100.00 200
[16] 71 35.50 200

NODE 4 (29.000000 8.000000 0.000000):
--------------------------------------
[1] 190 95.00 200
[2] 97 48.50 200
[3] 200 100.00 200
[5] 200 100.00 200
[6] 200 100.00 200
[7] 200 100.00 200
[8] 200 100.00 200
[9] 200 100.00 200
[10] 200 100.00 200
[11] 86 43.00 200
[12] 200 100.00 200
[13] 119 59.50 200
[14] 200 100.00 200
[15] 200 100.00 200
[16] 200 100.00 200

NODE 5 (33.000000 14.000000 0.000000):
--------------------------------------
[1] 200 100.00 200
[2] 200 100.00 200
[3] 116 58.00 195
[4] 200 100.00 200
[6] 200 100.00 200
[7] 200 100.00 200
[8] 167 83.50 200
[9] 195 97.50 200
[11] 199 99.50 200
[12] 200 100.00 200
[13] 199 99.50 200
[14] 190 95.00 198
[15] 200 100.00 200
[16] 200 100.00 200

NODE 6 (33.000000 22.000000 0.000000):
--------------------------------------
[1] 195 97.50 200
[2] 200 100.00 200
[3] 200 100.00 200
[4] 200 100.00 200
[5] 200 100.00 200
[7] 200 100.00 200
[8] 56 28.00 200
[9] 200 100.00 200
[10] 200 100.00 200
[11] 200 100.00 200
[12] 200 100.00 200
[13] 200 100.00 200
[14] 199 99.50 200
[15] 200 100.00 200
[16] 179 89.50 200

NODE 7 (25.000000 26.000000 0.000000):
--------------------------------------
[1] 44 22.00 199
[2] 200 100.00 200
[3] 200 100.00 200
[4] 200 100.00 200
[5] 199 99.50 200
[6] 200 100.00 200
[8] 199 99.50 200
[9] 200 100.00 200
[10] 200 100.00 200
[11] 200 100.00 200
[12] 158 79.00 200
[13] 200 100.00 200
[14] 171 85.50 200
[15] 200 100.00 200
[16] 176 88.00 200

NODE 8 (21.000000 26.000000 0.000000):
--------------------------------------
[1] 178 89.00 200
[2] 200 100.00 200
[3] 200 100.00 200
[4] 200 100.00 200
[5] 193 96.50 200
[6] 32 16.00 110
[7] 200 100.00 200
[9] 200 100.00 200
[10] 3 1.50 149
[11] 199 99.50 200
[12] 200 100.00 200
[13] 200 100.00 200
[14] 160 80.00 200
[15] 125 62.50 200
[16] 200 100.00 200

NODE 10 (37.000000 26.000000 0.000000):
--------------------------------------
[2] 30 15.00 195
[3] 178 89.00 200
[4] 200 100.00 200
[6] 199 99.50 200
[7] 200 100.00 200
[9] 103 51.50 200
[11] 200 100.00 200
[12] 176 88.00 200
[13] 200 100.00 200
[14] 180 90.00 200
[15] 200 100.00 200
[16] 200 100.00 200

NODE 11 (29.000000 22.000000 0.000000):
--------------------------------------
[1] 146 73.00 200
[2] 151 75.50 200
[3] 152 76.00 200
[4] 18 9.00 173
[5] 96 48.00 200
[6] 200 100.00 200
[7] 200 100.00 200
[8] 141 70.50 198
[9] 172 86.00 200
[10] 200 100.00 200
[12] 117 58.50 200
[13] 200 100.00 200
[14] 5 2.50 192
[15] 200 100.00 200
[16] 67 33.50 193

NODE 13 (37.000000 22.000000 0.000000):
--------------------------------------
[1] 200 100.00 200
[2] 155 77.50 200
[3] 200 100.00 200
[4] 153 76.50 197
[5] 198 99.00 200
[6] 200 100.00 200
[7] 200 100.00 200
[8] 200 100.00 200
[9] 200 100.00 200
[10] 200 100.00 200
[11] 200 100.00 200
[12] 145 72.50 197
[14] 199 99.50 200
[15] 200 100.00 200
[16] 197 98.50 200

NODE 12 (37.000000 14.000000 0.000000):
--------------------------------------
[1] 199 99.50 200
[2] 200 100.00 200
[3] 192 96.00 200
[4] 200 100.00 200
[5] 200 100.00 200
[6] 200 100.00 200
[7] 199 99.50 200
[8] 200 100.00 200
[9] 70 35.00 197
[10] 193 96.50 200
[11] 198 99.00 200
[13] 118 59.00 200
[14] 165 82.50 200
[15] 200 100.00 200
[16] 76 38.00 195

NODE 16 (33.000000 26.000000 0.000000):
--------------------------------------
[1] 6 3.00 125
[2] 185 92.50 200
[3] 35 17.50 194
[4] 200 100.00 200
[5] 200 100.00 200
[6] 84 42.00 199
[7] 192 96.00 200
[8] 200 100.00 200
[9] 190 95.00 200
[10] 200 100.00 200
[11] 185 92.50 200
[12] 54 27.00 189
[13] 188 94.00 200
[14] 200 100.00 200
[15] 21 10.50 200

NODE 15 (17.000000 10.000000 0.000000):
--------------------------------------
[1] 192 96.00 200
[2] 200 100.00 200
[3] 200 100.00 200
[4] 200 100.00 200
[5] 198 99.00 200
[6] 200 100.00 200
[7] 200 100.00 200
[8] 56 28.00 200
[9] 149 74.50 200
[10] 200 100.00 200
[11] 200 100.00 200
[12] 200 100.00 200
[13] 200 100.00 200
[14] 158 79.00 200
[16] 2 1.00 161

NODE 14 (37.000000 18.000000 0.000000):
--------------------------------------
[1] 51 25.50 188
[2] 200 100.00 200
[3] 200 100.00 200
[4] 200 100.00 200
[5] 172 86.00 200
[6] 198 99.00 200
[7] 177 88.50 200
[8] 162 81.00 199
[9] 70 35.00 200
[10] 178 89.00 200
[11] 75 37.50 196
[12] 183 91.50 200
[13] 199 99.50 200
[15] 163 81.50 200
[16] 200 100.00 200

NODE 9 (29.000000 26.000000 0.000000):
--------------------------------------
[1] 196 98.00 200
[2] 200 100.00 200
[3] 198 99.00 200
[4] 200 100.00 200
[5] 172 86.00 200
[6] 200 100.00 200
[7] 200 100.00 200
[8] 200 100.00 200
[10] 136 68.00 200
[11] 193 96.50 200
[12] 84 42.00 199
[13] 200 100.00 200
[14] 76 38.00 200
[15] 192 96.00 200
[16] 187 93.50 200

NODE 1 (29.000000 14.000000 0.000000):
--------------------------------------
[2] 200 100.00 200
[4] 49 24.50 199
[5] 200 100.00 200
[6] 10 5.00 76

NODE 16 (33.000000 26.000000 0.000000):
--------------------------------------
[2] 140 70.00 200
[4] 200 100.00 200
[5] 200 100.00 200
[6] 6 3.00 60

NODE 2 (29.000000 18.000000 0.000000):
--------------------------------------
[1] 200 100.00 200
[3] 112 56.00 200
[4] 25 12.50 199
[5] 200 100.00 200
[6] 23 11.50 76

NODE 11 (29.000000 22.000000 0.000000):
--------------------------------------
[2] 6 3.00 175
[4] 6 3.00 199
[6] 56 28.00 75

NODE 3 (33.000000 18.000000 0.000000):
--------------------------------------
[2] 199 99.50 200
[4] 200 100.00 200
[5] 16 8.00 91
[6] 76 38.00 76

NODE 10 (37.000000 26.000000 0.000000):
--------------------------------------
[2] 2 1.00 134
[4] 153 76.50 200
[6] 34 17.00 76

NODE 4 (29.000000 8.000000 0.000000):
--------------------------------------
[1] 116 58.00 195
[2] 158 79.00 200
[3] 200 100.00 200
[5] 145 72.50 200
[6] 76 38.00 76

NODE 9 (29.000000 26.000000 0.000000):
--------------------------------------
[1] 81 40.50 197
[2] 200 100.00 200
[3] 25 12.50 195
[4] 189 94.50 200
[5] 58 29.00 200
[6] 48 24.00 70

NODE 5 (33.000000 14.000000 0.000000):
--------------------------------------
[1] 200 100.00 200
[2] 200 100.00 200
[3] 8 4.00 131
[4] 156 78.00 200
[6] 76 38.00 76

NODE 8 (21.000000 26.000000 0.000000):
--------------------------------------
[2] 185 92.50 200
[3] 191 95.50 200
[4] 200 100.00 200
[5] 17 8.50 179

NODE 6 (33.000000 22.000000 0.000000):
--------------------------------------
[1] 87 43.50 200
[2] 183 91.50 200
[3] 200 100.00 200
[4] 200 100.00 200
[5] 200 100.00 200

NODE 7 (25.000000 26.000000 0.000000):
--------------------------------------
[2] 200 100.00 200
[3] 200 100.00 200
[4] 200 100.00 200
[5] 172 86.00 199
[6] 74 37.00 76

NODE 13 (37.000000 22.000000 0.000000):
--------------------------------------
[1] 181 90.50 200
[2] 34 17.00 199
[3] 200 100.00 200
[4] 24 12.00 189
[5] 147 73.50 198
[6] 74 37.00 76

NODE 15 (17.000000 10.000000 0.000000):
--------------------------------------
[1] 41 20.50 199
[2] 198 99.00 200
[3] 200 100.00 200
[4] 196 98.00 200
[5] 93 46.50 195
[6] 76 38.00 76

NODE 14 (37.000000 18.000000 0.000000):
--------------------------------------
[1] 65 32.50 200
[2] 200 100.00 200
[3] 200 100.00 200
[4] 200 100.00 200
[5] 143 71.50 200
[6] 34 17.00 75

NODE 12 (37.000000 14.000000 0.000000):
--------------------------------------
[1] 20 10.00 200
[2] 200 100.00 200
[3] 13 6.50 193
[4] 200 100.00 200
[5] 88 44.00 200
[6] 76 38.00 76




************************************************************
EXPERIMENT:  wrp-outdoors-power
DATE:  Sat May 10 17:02:48 2003
PARAMETERS:
  total number of packets: 200
  packet size: 200 bytes
  period time: 500 miliseconds
  power setting: 19 units
************************************************************

NODE 1 (29.000000 14.000000 0.000000):
--------------------------------------
[2] 200 100.00 200
[4] 46 23.00 151
[5] 200 100.00 200
[6] 87 43.50 200
[9] 2 1.00 149
[13] 27 13.50 200
[15] 64 32.00 171

NODE 2 (29.000000 18.000000 0.000000):
--------------------------------------
[1] 200 100.00 200
[3] 103 51.50 199
[4] 70 35.00 200
[5] 200 100.00 200
[6] 15 7.50 178
[7] 200 100.00 200
[8] 4 2.00 200
[9] 200 100.00 200
[11] 5 2.50 113
[12] 154 77.00 200
[14] 200 100.00 200
[15] 152 76.00 199
[16] 105 52.50 199

NODE 3 (33.000000 18.000000 0.000000):
--------------------------------------
[2] 200 100.00 200
[4] 200 100.00 200
[5] 21 10.50 195
[6] 200 100.00 200
[7] 200 100.00 200
[8] 185 92.50 200
[9] 79 39.50 196
[10] 9 4.50 167
[11] 75 37.50 199
[12] 32 16.00 199
[13] 200 100.00 200
[14] 200 100.00 200
[15] 200 100.00 200

NODE 4 (29.000000 8.000000 0.000000):
--------------------------------------
[1] 120 60.00 192
[2] 125 62.50 199
[3] 200 100.00 200
[5] 116 58.00 200
[6] 200 100.00 200
[7] 200 100.00 200
[8] 200 100.00 200
[9] 200 100.00 200
[10] 173 86.50 200
[11] 4 2.00 129
[12] 198 99.00 200
[13] 23 11.50 199
[14] 200 100.00 200
[15] 200 100.00 200
[16] 200 100.00 200

NODE 5 (33.000000 14.000000 0.000000):
--------------------------------------
[1] 200 100.00 200
[2] 200 100.00 200
[3] 12 6.00 157
[4] 151 75.50 199
[6] 200 100.00 200
[7] 200 100.00 200
[9] 44 22.00 192
[11] 127 63.50 198
[12] 137 68.50 200
[13] 116 58.00 191
[14] 161 80.50 200
[15] 180 90.00 200
[16] 200 100.00 200

NODE 6 (33.000000 22.000000 0.000000):
--------------------------------------
[1] 195 97.50 200
[2] 149 74.50 200
[3] 200 100.00 200
[4] 200 100.00 200
[5] 200 100.00 200
[7] 200 100.00 200
[9] 200 100.00 200
[10] 199 99.50 200
[11] 198 99.00 200
[12] 200 100.00 200
[13] 182 91.00 200
[14] 81 40.50 200
[15] 200 100.00 200
[16] 51 25.50 188

NODE 8 (21.000000 26.000000 0.000000):
--------------------------------------
[1] 2 1.00 86
[2] 200 100.00 200
[3] 178 89.00 200
[4] 200 100.00 200
[5] 17 8.50 126
[7] 172 86.00 200
[9] 200 100.00 200
[11] 90 45.00 200
[12] 200 100.00 200
[13] 200 100.00 200
[14] 137 68.50 200
[15] 29 14.50 136
[16] 200 100.00 200

NODE 9 (29.000000 26.000000 0.000000):
--------------------------------------
[1] 53 26.50 154
[2] 200 100.00 200
[3] 23 11.50 193
[4] 200 100.00 200
[5] 36 18.00 175
[6] 155 77.50 200
[7] 200 100.00 200
[8] 200 100.00 200
[10] 14 7.00 85
[11] 72 36.00 199
[12] 1 0.50 46
[13] 200 100.00 200
[15] 39 19.50 197
[16] 52 26.00 181

NODE 10 (37.000000 26.000000 0.000000):
--------------------------------------
[4] 155 77.50 200
[6] 69 34.50 200
[7] 200 100.00 200
[11] 200 100.00 200
[13] 124 62.00 200
[14] 5 2.50 154
[15] 200 100.00 200
[16] 189 94.50 200

NODE 11 (29.000000 22.000000 0.000000):
--------------------------------------
[2] 1 0.50 101
[6] 138 69.00 200
[7] 158 79.00 200
[9] 8 4.00 38
[10] 197 98.50 200
[13] 146 73.00 200
[15] 200 100.00 200

NODE 12 (37.000000 14.000000 0.000000):
--------------------------------------
[1] 21 10.50 196
[2] 200 100.00 200
[3] 10 5.00 85
[4] 200 100.00 200
[5] 106 53.00 199
[6] 200 100.00 200
[7] 172 86.00 197
[8] 200 100.00 200
[10] 1 0.50 186
[11] 13 6.50 197
[13] 32 16.00 177
[14] 6 3.00 181
[15] 200 100.00 200
[16] 1 0.50 4

NODE 13 (37.000000 22.000000 0.000000):
--------------------------------------
[1] 194 97.00 200
[2] 26 13.00 198
[3] 200 100.00 200
[4] 40 20.00 169
[5] 115 57.50 200
[6] 193 96.50 200
[7] 200 100.00 200
[8] 200 100.00 200
[9] 200 100.00 200
[10] 197 98.50 199
[11] 200 100.00 200
[12] 67 33.50 117
[14] 200 100.00 200
[15] 200 100.00 200
[16] 158 79.00 200

NODE 14 (37.000000 18.000000 0.000000):
--------------------------------------
[1] 58 29.00 198
[2] 200 100.00 200
[3] 200 100.00 200
[4] 200 100.00 200
[5] 170 85.00 197
[6] 130 65.00 199
[7] 106 53.00 200
[8] 49 24.50 192
[9] 1 0.50 26
[10] 35 17.50 185
[12] 11 5.50 200
[13] 199 99.50 200
[15] 150 75.00 200
[16] 200 100.00 200

NODE 15 (17.000000 10.000000 0.000000):
--------------------------------------
[1] 55 27.50 199
[2] 199 99.50 200
[3] 200 100.00 200
[4] 193 96.50 200
[5] 95 47.50 199
[6] 200 100.00 200
[7] 200 100.00 200
[10] 200 100.00 200
[11] 200 100.00 200
[12] 200 100.00 200
[13] 200 100.00 200
[14] 27 13.50 199

NODE 16 (33.000000 26.000000 0.000000):
--------------------------------------
[2] 192 96.00 200
[4] 200 100.00 200
[5] 200 100.00 200
[7] 35 17.50 194
[8] 200 100.00 200
[9] 38 19.00 181
[10] 200 100.00 200
[11] 5 2.50 186
[13] 54 27.00 168
[14] 200 100.00 200

NODE 7 (25.000000 26.000000 0.000000):
--------------------------------------
[2] 200 100.00 200
[3] 200 100.00 200
[4] 200 100.00 200
[5] 176 88.00 200
[6] 199 99.50 200
[8] 61 30.50 196
[9] 200 100.00 200
[10] 200 100.00 200
[11] 198 99.00 200
[12] 46 23.00 163
[13] 200 100.00 200
[14] 13 6.50 195
[15] 200 100.00 200
[16] 34 17.00 200




************************************************************
EXPERIMENT:  wrp-outdoors-power
DATE:  Sat May 10 17:30:39 2003
PARAMETERS:
  total number of packets: 200
  packet size: 200 bytes
  period time: 500 miliseconds
  power setting: 11 units
************************************************************

NODE 1 (29.000000 14.000000 0.000000):
--------------------------------------
[2] 200 100.00 200
[4] 73 36.50 162
[5] 200 100.00 200
[6] 200 100.00 200
[8] 1 0.50 116
[9] 151 75.50 200
[11] 174 87.00 200
[12] 32 16.00 200
[13] 193 96.50 200
[14] 134 67.00 200
[15] 199 99.50 200
[16] 200 100.00 200

NODE 2 (29.000000 18.000000 0.000000):
--------------------------------------
[1] 200 100.00 200
[3] 200 100.00 200
[4] 72 36.00 200
[5] 200 100.00 200
[6] 176 88.00 200
[7] 200 100.00 200
[8] 184 92.00 200
[9] 200 100.00 200
[11] 99 49.50 176
[12] 200 100.00 200
[14] 200 100.00 200
[15] 200 100.00 200
[16] 2 1.00 94

NODE 3 (33.000000 18.000000 0.000000):
--------------------------------------
[2] 200 100.00 200
[4] 200 100.00 200
[5] 30 15.00 134
[6] 200 100.00 200
[7] 200 100.00 200
[8] 200 100.00 200
[9] 200 100.00 200
[10] 196 98.00 200
[11] 195 97.50 200
[12] 194 97.00 199
[13] 200 100.00 200
[14] 200 100.00 200
[15] 200 100.00 200
[16] 100 50.00 198

NODE 4 (29.000000 8.000000 0.000000):
--------------------------------------
[1] 149 74.50 200
[2] 140 70.00 198
[3] 200 100.00 200
[5] 188 94.00 200
[6] 200 100.00 200
[7] 200 100.00 200
[8] 200 100.00 200
[9] 200 100.00 200
[10] 200 100.00 200
[11] 38 19.00 180
[12] 200 100.00 200
[13] 165 82.50 193
[14] 200 100.00 200
[15] 200 100.00 200
[16] 200 100.00 200

NODE 5 (33.000000 14.000000 0.000000):
--------------------------------------
[1] 200 100.00 200
[2] 200 100.00 200
[3] 81 40.50 200
[4] 199 99.50 200
[6] 200 100.00 200
[7] 200 100.00 200
[8] 128 64.00 200
[9] 193 96.50 200
[11] 200 100.00 200
[12] 200 100.00 200
[13] 177 88.50 200
[14] 200 100.00 200
[15] 200 100.00 200
[16] 200 100.00 200

NODE 6 (33.000000 22.000000 0.000000):
--------------------------------------
[1] 200 100.00 200
[2] 200 100.00 200
[3] 200 100.00 200
[4] 200 100.00 200
[5] 200 100.00 200
[7] 200 100.00 200
[8] 37 18.50 197
[9] 200 100.00 200
[10] 200 100.00 200
[11] 200 100.00 200
[12] 200 100.00 200
[13] 200 100.00 200
[14] 198 99.00 200
[15] 200 100.00 200
[16] 11 5.50 179

NODE 7 (25.000000 26.000000 0.000000):
--------------------------------------
[1] 3 1.50 16
[2] 200 100.00 200
[3] 200 100.00 200
[4] 200 100.00 200
[5] 200 100.00 200
[6] 200 100.00 200
[8] 200 100.00 200
[9] 200 100.00 200
[10] 200 100.00 200
[11] 200 100.00 200
[12] 196 98.00 200
[13] 200 100.00 200
[14] 173 86.50 200
[15] 200 100.00 200
[16] 1 0.50 159

NODE 8 (21.000000 26.000000 0.000000):
--------------------------------------
[1] 186 93.00 199
[2] 200 100.00 200
[3] 200 100.00 200
[4] 200 100.00 200
[5] 93 46.50 174
[6] 14 7.00 175
[7] 200 100.00 200
[9] 200 100.00 200
[10] 3 1.50 180
[11] 200 100.00 200
[12] 200 100.00 200
[13] 200 100.00 200
[14] 131 65.50 200
[15] 45 22.50 195
[16] 200 100.00 200

NODE 9 (29.000000 26.000000 0.000000):
--------------------------------------
[1] 154 77.00 199
[2] 200 100.00 200
[3] 194 97.00 200
[4] 200 100.00 200
[5] 172 86.00 200
[6] 200 100.00 200
[7] 200 100.00 200
[8] 200 100.00 200
[10] 53 26.50 200
[11] 187 93.50 200
[12] 40 20.00 197
[13] 200 100.00 200
[14] 115 57.50 199
[15] 161 80.50 198
[16] 200 100.00 200

NODE 10 (37.000000 26.000000 0.000000):
--------------------------------------
[2] 30 15.00 196
[3] 71 35.50 197
[4] 200 100.00 200
[6] 200 100.00 200
[7] 200 100.00 200
[8] 1 0.50 166
[9] 9 4.50 152
[11] 200 100.00 200
[12] 104 52.00 199
[13] 200 100.00 200
[14] 137 68.50 200
[15] 200 100.00 200
[16] 185 92.50 198

NODE 11 (29.000000 22.000000 0.000000):
--------------------------------------
[1] 133 66.50 200
[2] 168 84.00 194
[3] 56 28.00 197
[5] 72 36.00 196
[6] 200 100.00 200
[7] 200 100.00 200
[8] 91 45.50 199
[9] 67 33.50 199
[10] 200 100.00 200
[12] 8 4.00 182
[13] 200 100.00 200
[14] 172 86.00 200
[15] 200 100.00 200
[16] 10 5.00 71

NODE 12 (37.000000 14.000000 0.000000):
--------------------------------------
[1] 186 93.00 200
[2] 200 100.00 200
[3] 141 70.50 200
[4] 200 100.00 200
[5] 194 97.00 200
[6] 200 100.00 200
[7] 200 100.00 200
[8] 200 100.00 200
[9] 89 44.50 200
[10] 160 80.00 200
[11] 177 88.50 200
[13] 197 98.50 200
[14] 23 11.50 197
[15] 200 100.00 200
[16] 166 83.00 200

NODE 13 (37.000000 22.000000 0.000000):
--------------------------------------
[1] 200 100.00 200
[2] 115 57.50 200
[3] 200 100.00 200
[4] 115 57.50 200
[5] 183 91.50 200
[6] 200 100.00 200
[7] 200 100.00 200
[8] 200 100.00 200
[9] 200 100.00 200
[10] 200 100.00 200
[11] 200 100.00 200
[12] 200 100.00 200
[14] 200 100.00 200
[15] 200 100.00 200
[16] 195 97.50 200

NODE 14 (37.000000 18.000000 0.000000):
--------------------------------------
[1] 162 81.00 200
[2] 200 100.00 200
[3] 200 100.00 200
[4] 200 100.00 200
[5] 200 100.00 200
[6] 193 96.50 200
[7] 164 82.00 174
[8] 118 59.00 189
[9] 42 21.00 198
[10] 195 97.50 200
[11] 198 99.00 200
[12] 88 44.00 200
[13] 200 100.00 200
[15] 200 100.00 200
[16] 200 100.00 200

NODE 15 (17.000000 10.000000 0.000000):
--------------------------------------
[1] 198 99.00 200
[2] 200 100.00 200
[3] 200 100.00 200
[4] 200 100.00 200
[5] 150 75.00 200
[6] 200 100.00 200
[7] 200 100.00 200
[8] 17 8.50 193
[9] 82 41.00 200
[10] 200 100.00 200
[11] 200 100.00 200
[12] 200 100.00 200
[13] 200 100.00 200
[14] 200 100.00 200
[16] 166 83.00 200

NODE 16 (33.000000 26.000000 0.000000):
--------------------------------------
[1] 3 1.50 175
[2] 185 92.50 200
[3] 9 4.50 195
[4] 200 100.00 200
[5] 200 100.00 200
[6] 127 63.50 200
[8] 199 99.50 200
[9] 199 99.50 200
[10] 181 90.50 200
[11] 31 15.50 196
[12] 142 71.00 200
[13] 157 78.50 200
[14] 200 100.00 200
[15] 199 99.50 200




************************************************************
EXPERIMENT:  wrp-outdoors-power
DATE:  Sat May 10 17:58:28 2003
PARAMETERS:
  total number of packets: 200
  packet size: 200 bytes
  period time: 500 miliseconds
  power setting: 5 units
************************************************************

NODE 1 (29.000000 14.000000 0.000000):
--------------------------------------
[2] 200 100.00 200
[5] 200 100.00 200
[6] 1 0.50 146
[15] 3 1.50 198
[16] 67 33.50 199

NODE 2 (29.000000 18.000000 0.000000):
--------------------------------------
[1] 200 100.00 200
[5] 200 100.00 200
[7] 200 100.00 200
[9] 199 99.50 200
[14] 200 100.00 200
[15] 2 1.00 187

NODE 3 (33.000000 18.000000 0.000000):
--------------------------------------
[2] 199 99.50 200
[4] 200 100.00 200
[6] 200 100.00 200
[7] 200 100.00 200
[8] 3 1.50 153
[9] 4 2.00 199
[13] 200 100.00 200
[14] 200 100.00 200
[15] 200 100.00 200

NODE 6 (33.000000 22.000000 0.000000):
--------------------------------------
[1] 171 85.50 200
[2] 134 67.00 200
[3] 200 100.00 200
[4] 200 100.00 200
[5] 186 93.00 200
[7] 198 99.00 200
[9] 21 10.50 192
[10] 33 16.50 198
[11] 141 70.50 200
[12] 131 65.50 200
[13] 167 83.50 200
[14] 54 27.00 198
[15] 200 100.00 200

NODE 5 (33.000000 14.000000 0.000000):
--------------------------------------
[1] 200 100.00 200
[2] 200 100.00 200
[4] 37 18.50 187
[6] 199 99.50 200
[7] 144 72.00 200
[12] 18 9.00 178
[14] 197 98.50 200
[15] 40 20.00 167
[16] 200 100.00 200

NODE 4 (29.000000 8.000000 0.000000):
--------------------------------------
[1] 4 2.00 164
[3] 200 100.00 200
[5] 16 8.00 124
[6] 200 100.00 200
[7] 200 100.00 200
[8] 200 100.00 200
[9] 200 100.00 200
[10] 6 3.00 193
[12] 172 86.00 200
[14] 200 100.00 200
[15] 200 100.00 200
[16] 195 97.50 200

NODE 11 (29.000000 22.000000 0.000000):
--------------------------------------
[6] 3 1.50 109
[7] 39 19.50 198
[10] 60 30.00 200
[15] 200 100.00 200

NODE 10 (37.000000 26.000000 0.000000):
--------------------------------------
[6] 11 5.50 136
[7] 200 100.00 200
[11] 191 95.50 200
[15] 200 100.00 200

NODE 9 (29.000000 26.000000 0.000000):
--------------------------------------
[1] 5 2.50 164
[2] 200 100.00 200
[4] 174 87.00 200
[6] 26 13.00 166
[7] 200 100.00 200
[8] 197 98.50 200
[13] 191 95.50 200
[16] 50 25.00 196

NODE 8 (21.000000 26.000000 0.000000):
--------------------------------------
[2] 181 90.50 200
[3] 33 16.50 200
[4] 200 100.00 200
[7] 177 88.50 199
[9] 200 100.00 200
[12] 200 100.00 200
[13] 200 100.00 200
[16] 160 80.00 200

NODE 12 (37.000000 14.000000 0.000000):
--------------------------------------
[2] 188 94.00 200
[4] 166 83.00 200
[5] 8 4.00 45
[6] 148 74.00 200
[7] 126 63.00 200
[8] 200 100.00 200
[15] 200 100.00 200

NODE 13 (37.000000 22.000000 0.000000):
--------------------------------------
[1] 155 77.50 200
[2] 2 1.00 108
[3] 200 100.00 200
[4] 1 0.50 173
[6] 188 94.00 200
[7] 200 100.00 200
[8] 200 100.00 200
[9] 200 100.00 200
[10] 91 45.50 199
[11] 191 95.50 200
[14] 195 97.50 200
[15] 200 100.00 200
[16] 7 3.50 181

NODE 16 (33.000000 26.000000 0.000000):
--------------------------------------
[1] 110 55.00 188
[2] 1 0.50 14
[4] 180 90.00 200
[5] 128 64.00 200
[8] 36 18.00 199
[9] 31 15.50 197
[14] 200 100.00 200
[15] 26 13.00 200

NODE 15 (17.000000 10.000000 0.000000):
--------------------------------------
[2] 129 64.50 198
[3] 200 100.00 200
[4] 200 100.00 200
[6] 180 90.00 200
[7] 200 100.00 200
[10] 200 100.00 200
[11] 200 100.00 200
[12] 197 98.50 200
[13] 197 98.50 200
[14] 23 11.50 187

NODE 14 (37.000000 18.000000 0.000000):
--------------------------------------
[1] 36 18.00 177
[2] 200 100.00 200
[3] 200 100.00 200
[4] 200 100.00 200
[5] 103 51.50 200
[6] 32 16.00 116
[11] 39 19.50 131
[13] 178 89.00 200
[15] 189 94.50 200
[16] 200 100.00 200

NODE 7 (25.000000 26.000000 0.000000):
--------------------------------------
[2] 200 100.00 200
[3] 200 100.00 200
[4] 200 100.00 200
[5] 3 1.50 63
[6] 189 94.50 200
[8] 29 14.50 196
[9] 200 100.00 200
[10] 198 99.00 200
[11] 80 40.00 189
[12] 2 1.00 42
[13] 177 88.50 199
[15] 200 100.00 200

