
************************************************************
EXPERIMENT:  ceiling-test
DATE:  Mon May  5 21:24:32 2003
PARAMETERS:
  total number of packets: 200
  packet size: 50 bytes
  period time: 1000 miliseconds
  power setting: 70 units
************************************************************

NODE 2 (29.000000 18.000000 0.000000):
--------------------------------------
[1] 193 96.50 200
[3] 195 97.50 200
[4] 193 96.50 200
[5] 196 98.00 200
[6] 190 95.00 200
[7] 195 97.50 200
[8] 193 96.50 200
[9] 188 94.00 200
[10] 184 92.00 200
[11] 191 95.50 200
[16] 199 99.50 200
[17] 193 96.50 200
[18] 198 99.00 200
[19] 180 90.00 200
[20] 178 89.00 199
[21] 181 90.50 199
[22] 187 93.50 200
[23] 190 95.00 200
[24] 164 82.00 199
[25] 171 85.50 200
[26] 178 89.00 200
[27] 187 93.50 200
[32] 1 0.50 3602457370
[33] 30 15.00 194
[34] 91 45.50 196
[35] 172 86.00 200
[37] 146 73.00 200
[38] 51 25.50 198
[40] 193 96.50 200
[41] 188 94.00 200
[42] 101 50.50 197
[43] 183 91.50 200
[44] 61 30.50 200
[48] 199 99.50 13549388441711542472
[49] 127 63.50 200
[50] 191 95.50 200
[51] 107 53.50 199
[52] 167 83.50 199
[53] 185 92.50 200
[54] 198 99.00 200
[55] 198 99.00 200

NODE 3 (33.000000 18.000000 0.000000):
--------------------------------------
[1] 192 96.00 200
[2] 197 98.50 200
[4] 190 95.00 200
[5] 195 97.50 200
[6] 196 98.00 200
[8] 192 96.00 200
[9] 179 89.50 200
[10] 186 93.00 200
[11] 189 94.50 200
[16] 199 99.50 200
[18] 198 99.00 200
[19] 186 93.00 200
[21] 174 87.00 199
[22] 193 96.50 199
[24] 170 85.00 199
[25] 169 84.50 200
[27] 185 92.50 200
[32] 1 0.50 200
[34] 195 97.50 200
[35] 21 10.50 200
[37] 186 93.00 200
[38] 37 18.50 200
[40] 192 96.00 200
[42] 19 9.50 197
[44] 2 1.00 38
[48] 198 99.00 12900925070951579848
[50] 196 98.00 200
[51] 3 1.50 54
[52] 173 86.50 199
[53] 1 0.50 29
[54] 153 76.50 198
[55] 197 98.50 200

NODE 4 (29.000000 8.000000 0.000000):
--------------------------------------
[1] 172 86.00 199
[2] 194 97.00 200
[3] 133 66.50 200
[5] 65 32.50 200
[6] 60 30.00 196
[7] 51 25.50 200
[9] 30 15.00 197
[13] 1 0.50 96
[17] 193 96.50 200
[18] 129 64.50 200
[19] 188 94.00 200
[20] 198 99.00 200
[21] 187 93.50 200
[22] 69 34.50 196
[23] 48 24.00 196
[24] 16 8.00 199
[25] 43 21.50 197
[26] 40 20.00 200
[32] 1 0.50 8388943
[34] 105 52.50 200
[35] 83 41.50 200
[36] 105 52.50 200
[38] 29 14.50 173
[39] 24 12.00 199
[48] 146 73.00 18305893335656562888
[49] 118 59.00 200
[50] 159 79.50 200
[51] 99 49.50 197
[53] 34 17.00 192
[54] 121 60.50 197
[55] 46 23.00 199

NODE 5 (33.000000 14.000000 0.000000):
--------------------------------------
[1] 193 96.50 200
[2] 195 97.50 200
[3] 197 98.50 200
[4] 186 93.00 200
[6] 195 97.50 200
[7] 9 4.50 189
[8] 189 94.50 200
[9] 184 92.00 200
[10] 191 95.50 200
[11] 184 92.00 199
[16] 199 99.50 200
[17] 195 97.50 200
[18] 196 98.00 200
[19] 186 93.00 200
[20] 147 73.50 197
[21] 186 93.00 199
[22] 194 97.00 200
[23] 183 91.50 200
[24] 104 52.00 200
[25] 180 90.00 200
[26] 41 20.50 193
[27] 185 92.50 200
[32] 1 0.50 4006383885
[34] 169 84.50 200
[35] 158 79.00 200
[38] 65 32.50 196
[39] 195 97.50 200
[40] 176 88.00 200
[48] 56 28.00 17788586308927488200
[49] 178 89.00 200
[50] 132 66.00 198
[51] 196 98.00 200
[52] 177 88.50 199
[53] 46 23.00 196
[54] 198 99.00 200
[55] 197 98.50 200

NODE 6 (33.000000 22.000000 0.000000):
--------------------------------------
[1] 194 97.00 200
[2] 196 98.00 200
[3] 197 98.50 200
[4] 184 92.00 200
[5] 196 98.00 200
[7] 58 29.00 188
[8] 193 96.50 200
[9] 185 92.50 200
[10] 187 93.50 200
[11] 189 94.50 199
[16] 200 100.00 200
[18] 196 98.00 200
[19] 185 92.50 200
[20] 196 98.00 200
[21] 154 77.00 198
[22] 193 96.50 200
[24] 180 90.00 200
[25] 168 84.00 200
[26] 178 89.00 200
[27] 185 92.50 200
[35] 1 0.50 60
[36] 60 30.00 200
[38] 24 12.00 200
[40] 192 96.00 200
[41] 10 5.00 193
[43] 184 92.00 200
[48] 154 77.00 16156977024005570759
[49] 191 95.50 200
[50] 194 97.00 200
[51] 194 97.00 200
[53] 187 93.50 200
[54] 198 99.00 200

NODE 7 (25.000000 26.000000 0.000000):
--------------------------------------
[1] 32 16.00 187
[2] 196 98.00 200
[4] 182 91.00 200
[6] 73 36.50 199
[8] 194 97.00 200
[9] 190 95.00 200
[10] 182 91.00 200
[16] 200 100.00 200
[17] 96 48.00 200
[18] 197 98.50 200
[19] 184 92.00 200
[20] 192 96.00 200
[21] 178 89.00 198
[22] 193 96.50 200
[23] 164 82.00 200
[24] 112 56.00 199
[25] 182 91.00 200
[26] 146 73.00 199
[27] 190 95.00 200
[32] 1 0.50 1285432090
[34] 194 97.00 200
[35] 7 3.50 197
[36] 184 92.00 200
[38] 181 90.50 200
[40] 190 95.00 200
[49] 32 16.00 193
[50] 196 98.00 200
[51] 196 98.00 200
[52] 184 92.00 199
[53] 183 91.50 200
[54] 198 99.00 200
[55] 162 81.00 200

NODE 8 (21.000000 26.000000 0.000000):
--------------------------------------
[1] 192 96.00 200
[2] 197 98.50 200
[3] 195 97.50 200
[4] 4 2.00 107
[5] 134 67.00 199
[6] 191 95.50 200
[7] 195 97.50 200
[9] 171 85.50 200
[10] 112 56.00 200
[11] 181 90.50 199
[16] 156 78.00 198
[17] 139 69.50 200
[18] 197 98.50 200
[19] 180 90.00 200
[22] 193 96.50 200
[23] 185 92.50 200
[24] 191 95.50 200
[25] 193 96.50 200
[27] 48 24.00 199
[32] 1 0.50 1287398170
[34] 193 96.50 200
[35] 181 90.50 200
[36] 185 92.50 200
[37] 177 88.50 200
[38] 165 82.50 200
[39] 199 99.50 200
[40] 190 95.00 200
[42] 70 35.00 200
[49] 192 96.00 200
[50] 135 67.50 197
[51] 13 6.50 172
[52] 189 94.50 200
[53] 135 67.50 199
[54] 199 99.50 200
[55] 199 99.50 200

NODE 10 (37.000000 26.000000 0.000000):
--------------------------------------
[1] 178 89.00 200
[2] 195 97.50 200
[3] 196 98.00 200
[4] 70 35.00 171
[5] 196 98.00 200
[6] 189 94.50 200
[7] 195 97.50 200
[8] 169 84.50 200
[9] 188 94.00 200
[11] 184 92.00 199
[16] 199 99.50 200
[17] 193 96.50 200
[18] 195 97.50 200
[19] 187 93.50 200
[20] 124 62.00 199
[21] 176 88.00 198
[22] 194 97.00 200
[24] 10 5.00 199
[25] 178 89.00 200
[27] 127 63.50 200
[32] 1 0.50 200
[33] 162 81.00 200
[35] 148 74.00 200
[36] 187 93.50 200
[37] 72 36.00 200
[38] 178 89.00 200
[40] 188 94.00 200
[48] 178 89.00 17939161127816528072
[49] 179 89.50 200
[51] 193 96.50 200
[52] 180 90.00 199
[53] 184 92.00 200
[54] 198 99.00 200
[55] 198 99.00 200

NODE 9 (29.000000 26.000000 0.000000):
--------------------------------------
[1] 69 34.50 198
[2] 196 98.00 200
[3] 194 97.00 200
[4] 167 83.50 200
[5] 196 98.00 200
[6] 190 95.00 200
[7] 194 97.00 200
[8] 178 89.00 200
[10] 191 95.50 200
[11] 197 98.50 200
[16] 198 99.00 200
[17] 193 96.50 200
[18] 197 98.50 200
[19] 168 84.00 200
[20] 192 96.00 200
[21] 168 84.00 198
[22] 193 96.50 200
[24] 192 96.00 200
[25] 180 90.00 200
[27] 12 6.00 173
[32] 1 0.50 200
[33] 96 48.00 197
[35] 181 90.50 200
[36] 186 93.00 200
[38] 1 0.50 124
[39] 161 80.50 200
[40] 151 75.50 198
[41] 63 31.50 199
[43] 134 67.00 200
[44] 1 0.50 81
[48] 24 12.00 15999965664047530180
[49] 191 95.50 200
[50] 72 36.00 194
[51] 195 97.50 200
[52] 85 42.50 198
[53] 181 90.50 200
[54] 51 25.50 195
[55] 196 98.00 200

NODE 11 (29.000000 22.000000 0.000000):
--------------------------------------
[1] 195 97.50 200
[2] 197 98.50 200
[3] 196 98.00 200
[4] 93 46.50 200
[5] 196 98.00 200
[6] 191 95.50 200
[7] 52 26.00 200
[8] 193 96.50 200
[9] 194 97.00 200
[10] 190 95.00 200
[16] 200 100.00 200
[17] 190 95.00 200
[18] 198 99.00 200
[19] 185 92.50 200
[20] 198 99.00 200
[21] 187 93.50 200
[22] 194 97.00 200
[23] 191 95.50 200
[24] 171 85.50 199
[25] 165 82.50 200
[26] 38 19.00 200
[27] 7 3.50 160
[33] 172 86.00 200
[35] 161 80.50 200
[36] 180 90.00 200
[37] 148 74.00 200
[38] 7 3.50 168
[39] 174 87.00 200
[40] 193 96.50 200
[41] 129 64.50 199
[42] 6 3.00 182
[43] 180 90.00 200
[44] 82 41.00 195
[48] 17 8.50 16127879548288106696
[49] 172 86.00 200
[50] 149 74.50 200
[51] 194 97.00 200
[52] 184 92.00 200
[53] 173 86.50 200
[54] 197 98.50 200
[55] 196 98.00 200

NODE 1 (29.000000 14.000000 0.000000):
--------------------------------------
[2] 197 98.50 200
[3] 197 98.50 200
[4] 193 96.50 200
[5] 196 98.00 200
[6] 190 95.00 200
[7] 116 58.00 200
[8] 193 96.50 200
[9] 66 33.00 200
[10] 182 91.00 200
[11] 192 96.00 200
[16] 199 99.50 200
[17] 194 97.00 200
[18] 196 98.00 200
[19] 189 94.50 200
[20] 199 99.50 200
[21] 178 89.00 199
[22] 182 91.00 200
[24] 187 93.50 200
[25] 180 90.00 200
[26] 165 82.50 200
[27] 179 89.50 200
[32] 1 0.50 586986287
[34] 96 48.00 200
[35] 100 50.00 198
[38] 17 8.50 199
[48] 96 48.00 17737862539003297991
[49] 24 12.00 198
[50] 183 91.50 200
[52] 36 18.00 198
[54] 199 99.50 200
[55] 198 99.00 200

NODE 16 (33.000000 26.000000 0.000000):
--------------------------------------
[1] 195 97.50 200
[2] 196 98.00 200
[3] 197 98.50 200
[4] 37 18.50 142
[5] 196 98.00 200
[6] 191 95.50 200
[7] 197 98.50 200
[8] 71 35.50 188
[9] 163 81.50 200
[10] 192 96.00 200
[11] 179 89.50 199
[17] 2 1.00 65
[18] 195 97.50 200
[19] 175 87.50 200
[20] 110 55.00 197
[21] 176 88.00 198
[22] 193 96.50 200
[23] 189 94.50 200
[24] 187 93.50 200
[25] 168 84.00 200
[26] 177 88.50 200
[27] 187 93.50 200
[32] 1 0.50 200
[33] 82 41.00 200
[34] 116 58.00 199
[35] 172 86.00 200
[36] 173 86.50 200
[37] 1 0.50 6
[38] 164 82.00 200
[40] 193 96.50 200
[41] 4 2.00 200
[48] 199 99.50 13554760655524856008
[49] 191 95.50 200
[50] 196 98.00 200
[51] 196 98.00 200
[52] 178 89.00 199
[53] 122 61.00 200
[54] 197 98.50 200

NODE 15 (17.000000 10.000000 0.000000):
--------------------------------------
[1] 171 85.50 200
[4] 93 46.50 200
[6] 189 94.50 200
[7] 34 17.00 189
[8] 152 76.00 200
[9] 174 87.00 200
[10] 36 18.00 196
[11] 155 77.50 200
[16] 188 94.00 200
[17] 193 96.50 200
[18] 198 99.00 200
[19] 172 86.00 200
[20] 185 92.50 200
[21] 191 95.50 200
[22] 192 96.00 200
[23] 187 93.50 200
[24] 184 92.00 200
[25] 170 85.00 200
[26] 172 86.00 200
[27] 184 92.00 200
[32] 1 0.50 1287398238
[33] 194 97.00 200
[34] 60 30.00 200
[35] 164 82.00 200
[36] 184 92.00 200
[37] 112 56.00 200
[38] 178 89.00 200
[39] 199 99.50 200
[40] 189 94.50 200
[41] 191 95.50 200
[42] 179 89.50 200
[43] 178 89.00 198
[44] 181 90.50 200
[48] 200 100.00 200
[49] 195 97.50 200
[50] 151 75.50 200
[51] 193 96.50 200
[52] 180 90.00 200
[53] 192 96.00 200
[54] 199 99.50 200
[55] 198 99.00 200

NODE 14 (37.000000 18.000000 0.000000):
--------------------------------------
[1] 193 96.50 200
[2] 194 97.00 200
[3] 197 98.50 200
[4] 183 91.50 200
[5] 196 98.00 200
[6] 189 94.50 200
[7] 197 98.50 200
[8] 193 96.50 200
[9] 188 94.00 200
[10] 192 96.00 200
[11] 176 88.00 199
[16] 198 99.00 200
[17] 185 92.50 200
[18] 198 99.00 200
[19] 157 78.50 200
[20] 1 0.50 93
[21] 182 91.00 199
[22] 194 97.00 200
[23] 34 17.00 173
[24] 180 90.00 199
[25] 183 91.50 200
[26] 170 85.00 200
[32] 1 0.50 200
[33] 11 5.50 145
[35] 149 74.50 200
[36] 186 93.00 200
[37] 100 50.00 199
[38] 22 11.00 194
[39] 197 98.50 200
[40] 188 94.00 200
[41] 41 20.50 170
[43] 29 14.50 185
[48] 22 11.00 8031088015973548208
[49] 191 95.50 200
[50] 13 6.50 145
[51] 195 97.50 200
[52] 182 91.00 199
[53] 131 65.50 200
[54] 199 99.50 200
[55] 183 91.50 200

NODE 20 (25.000000 6.000000 0.000000):
--------------------------------------
[1] 161 80.50 200
[2] 4 2.00 195
[3] 10 5.00 191
[4] 195 97.50 200
[5] 63 31.50 200
[6] 116 58.00 198
[7] 15 7.50 137
[8] 6 3.00 200
[9] 33 16.50 199
[11] 98 49.00 200
[13] 1 0.50 96
[16] 86 43.00 198
[17] 195 97.50 200
[18] 197 98.50 200
[19] 192 96.00 200
[21] 195 97.50 200
[22] 117 58.50 200
[23] 115 57.50 199
[24] 119 59.50 199
[26] 39 19.50 197
[27] 1 0.50 28
[33] 112 56.00 199
[36] 132 66.00 200
[37] 46 23.00 188
[38] 30 15.00 190
[40] 6 3.00 155
[42] 88 44.00 199
[44] 71 35.50 199
[48] 188 94.00 200
[49] 161 80.50 200
[50] 137 68.50 200
[51] 133 66.50 200
[52] 20 10.00 195
[54] 32 16.00 193
[55] 14 7.00 197

NODE 19 (25.000000 14.000000 0.000000):
--------------------------------------
[1] 194 97.00 200
[2] 195 97.50 200
[3] 196 98.00 200
[4] 192 96.00 200
[5] 192 96.00 200
[6] 189 94.50 200
[7] 196 98.00 200
[8] 191 95.50 200
[9] 164 82.00 200
[10] 187 93.50 200
[11] 186 93.00 200
[16] 200 100.00 200
[17] 195 97.50 200
[18] 198 99.00 200
[20] 200 100.00 200
[21] 193 96.50 200
[22] 193 96.50 200
[23] 191 95.50 200
[24] 183 91.50 199
[25] 182 91.00 200
[26] 175 87.50 200
[27] 189 94.50 200
[32] 1 0.50 200
[33] 77 38.50 200
[35] 170 85.00 200
[36] 177 88.50 200
[39] 166 83.00 200
[40] 97 48.50 198
[41] 191 95.50 200
[42] 95 47.50 200
[44] 18 9.00 183
[49] 161 80.50 200
[50] 6 3.00 42
[51] 192 96.00 200
[52] 158 79.00 199
[53] 175 87.50 200
[54] 199 99.50 200
[55] 38 19.00 197

NODE 18 (25.000000 18.000000 0.000000):
--------------------------------------
[1] 193 96.50 200
[2] 195 97.50 200
[3] 197 98.50 200
[4] 178 89.00 200
[5] 196 98.00 200
[6] 175 87.50 200
[7] 197 98.50 200
[8] 192 96.00 200
[9] 175 87.50 200
[10] 185 92.50 200
[11] 183 91.50 200
[16] 199 99.50 200
[17] 197 98.50 200
[19] 189 94.50 200
[20] 197 98.50 200
[21] 192 96.00 200
[22] 193 96.50 200
[23] 185 92.50 200
[24] 182 91.00 200
[25] 165 82.50 200
[26] 76 38.00 198
[27] 180 90.00 200
[32] 1 0.50 1153180506
[33] 11 5.50 89
[34] 151 75.50 200
[35] 185 92.50 200
[36] 187 93.50 200
[37] 176 88.00 200
[38] 165 82.50 200
[39] 196 98.00 200
[40] 192 96.00 200
[42] 174 87.00 200
[43] 125 62.50 197
[44] 33 16.50 199
[48] 199 99.50 11027808056988664008
[49] 177 88.50 199
[50] 194 97.00 200
[51] 195 97.50 200
[52] 173 86.50 199
[53] 182 91.00 200
[54] 198 99.00 200
[55] 196 98.00 200

NODE 27 (21.000000 10.000000 0.000000):
--------------------------------------
[1] 160 80.00 200
[2] 197 98.50 200
[3] 197 98.50 200
[4] 180 90.00 200
[5] 193 96.50 200
[6] 185 92.50 200
[7] 195 97.50 200
[8] 11 5.50 199
[9] 100 50.00 200
[10] 168 84.00 200
[16] 200 100.00 200
[17] 193 96.50 200
[18] 198 99.00 200
[19] 184 92.00 200
[20] 196 98.00 200
[21] 190 95.00 200
[22] 193 96.50 200
[23] 194 97.00 200
[24] 187 93.50 200
[25] 188 94.00 200
[26] 183 91.50 200
[35] 151 75.50 200
[36] 69 34.50 200
[37] 113 56.50 200
[38] 181 90.50 200
[39] 194 97.00 200
[41] 146 73.00 200
[42] 181 90.50 200
[43] 178 89.00 198
[44] 189 94.50 200
[48] 200 100.00 200
[49] 192 96.00 200
[50] 196 98.00 200
[52] 61 30.50 197
[53] 188 94.00 200
[54] 196 98.00 200
[55] 199 99.50 200

NODE 28 (21.000000 6.000000 0.000000):
--------------------------------------
[1] 194 97.00 200
[2] 73 36.50 197
[3] 66 33.00 188
[4] 186 93.00 200
[6] 185 92.50 200
[7] 193 96.50 200
[8] 191 95.50 200
[9] 6 3.00 133
[10] 96 48.00 199
[11] 182 91.00 200
[16] 197 98.50 200
[17] 197 98.50 200
[18] 198 99.00 200
[19] 4 2.00 199
[20] 199 99.50 200
[21] 196 98.00 200
[22] 193 96.50 200
[23] 193 96.50 200
[24] 184 92.00 200
[25] 187 93.50 200
[26] 182 91.00 200
[27] 190 95.00 200
[34] 194 97.00 200
[36] 186 93.00 200
[37] 2 1.00 166
[38] 182 91.00 200
[39] 147 73.50 200
[40] 162 81.00 199
[41] 195 97.50 200
[42] 186 93.00 200
[44] 1 0.50 58
[48] 199 99.50 13554288965036540104
[49] 192 96.00 200
[50] 195 97.50 200
[51] 196 98.00 200
[52] 183 91.50 200
[53] 185 92.50 200
[54] 198 99.00 200

NODE 26 (21.000000 2.000000 0.000000):
--------------------------------------
[1] 123 61.50 200
[2] 193 96.50 200
[4] 190 95.00 200
[6] 187 93.50 200
[7] 146 73.00 200
[11] 37 18.50 198
[16] 200 100.00 200
[17] 196 98.00 200
[19] 187 93.50 200
[20] 197 98.50 200
[21] 183 91.50 200
[23] 52 26.00 200
[27] 195 97.50 200
[32] 1 0.50 0
[36] 188 94.00 200
[37] 54 27.00 200
[38] 129 64.50 200
[40] 1 0.50 11
[41] 105 52.50 196
[42] 171 85.50 200
[48] 200 100.00 200
[51] 134 67.00 197
[53] 179 89.50 200
[54] 199 99.50 200

NODE 25 (21.000000 22.000000 0.000000):
--------------------------------------
[1] 193 96.50 200
[2] 194 97.00 200
[3] 88 44.00 191
[4] 181 90.50 200
[5] 186 93.00 200
[6] 191 95.50 200
[7] 195 97.50 200
[8] 194 97.00 200
[9] 186 93.00 200
[10] 164 82.00 200
[11] 172 86.00 199
[16] 198 99.00 200
[17] 183 91.50 200
[18] 198 99.00 200
[19] 183 91.50 200
[21] 151 75.50 198
[22] 191 95.50 200
[23] 186 93.00 200
[24] 193 96.50 200
[27] 186 93.00 200
[32] 1 0.50 1287398170
[36] 18 9.00 200
[37] 191 95.50 200
[38] 154 77.00 200
[39] 198 99.00 200
[40] 50 25.00 199
[41] 189 94.50 200
[42] 60 30.00 186
[48] 197 98.50 18365734255998271687
[49] 190 95.00 200
[50] 31 15.50 188
[51] 195 97.50 200
[52] 184 92.00 200
[53] 190 95.00 200
[54] 199 99.50 200
[55] 199 99.50 200

NODE 24 (21.000000 18.000000 0.000000):
--------------------------------------
[1] 193 96.50 200
[2] 195 97.50 200
[3] 188 94.00 200
[4] 182 91.00 200
[5] 136 68.00 198
[6] 192 96.00 200
[7] 7 3.50 136
[8] 192 96.00 200
[9] 183 91.50 200
[11] 176 88.00 200
[16] 199 99.50 200
[17] 123 61.50 196
[18] 197 98.50 200
[19] 181 90.50 200
[20] 196 98.00 200
[21] 178 89.00 200
[22] 194 97.00 200
[23] 194 97.00 200
[25] 193 96.50 200
[26] 96 48.00 199
[27] 189 94.50 200
[32] 1 0.50 200
[33] 196 98.00 200
[34] 195 97.50 200
[35] 144 72.00 200
[36] 190 95.00 200
[37] 168 84.00 200
[38] 106 53.00 194
[39] 196 98.00 200
[40] 192 96.00 200
[41] 159 79.50 199
[42] 143 71.50 200
[43] 151 75.50 198
[48] 198 99.00 16070489439364710600
[49] 194 97.00 200
[50] 162 81.00 200
[51] 196 98.00 200
[52] 185 92.50 200
[53] 178 89.00 200
[54] 198 99.00 200
[55] 199 99.50 200

NODE 23 (21.000000 14.000000 0.000000):
--------------------------------------
[2] 196 98.00 200
[4] 185 92.50 200
[5] 194 97.00 200
[6] 8 4.00 161
[7] 82 41.00 191
[8] 132 66.00 198
[9] 39 19.50 199
[11] 188 94.00 200
[16] 199 99.50 200
[17] 15 7.50 196
[18] 198 99.00 200
[19] 184 92.00 200
[20] 198 99.00 200
[24] 180 90.00 200
[25] 183 91.50 200
[26] 116 58.00 200
[27] 191 95.50 200
[32] 1 0.50 584880397
[34] 60 30.00 196
[35] 175 87.50 200
[36] 185 92.50 200
[37] 1 0.50 46
[40] 192 96.00 200
[42] 182 91.00 200
[43] 131 65.50 200
[44] 187 93.50 200
[48] 198 99.00 13559148806431310024
[49] 191 95.50 200
[50] 194 97.00 200
[51] 196 98.00 200
[53] 191 95.50 200
[54] 199 99.50 200
[55] 199 99.50 200

NODE 22 (25.000000 22.000000 0.000000):
--------------------------------------
[1] 184 92.00 200
[2] 70 35.00 200
[3] 197 98.50 200
[4] 189 94.50 200
[5] 196 98.00 200
[6] 191 95.50 200
[7] 197 98.50 200
[8] 194 97.00 200
[9] 181 90.50 200
[10] 178 89.00 200
[11] 186 93.00 200
[16] 199 99.50 200
[17] 194 97.00 200
[18] 198 99.00 200
[19] 188 94.00 200
[20] 197 98.50 200
[21] 193 96.50 200
[24] 184 92.00 200
[25] 189 94.50 200
[27] 186 93.00 200
[32] 1 0.50 1287398170
[33] 187 93.50 200
[34] 2 1.00 114
[38] 174 87.00 200
[42] 43 21.50 193
[44] 167 83.50 200
[48] 200 100.00 200
[49] 190 95.00 200
[50] 159 79.50 200
[51] 196 98.00 200
[52] 180 90.00 199
[53] 179 89.50 200
[54] 197 98.50 200
[55] 172 86.00 200

NODE 21 (25.000000 10.000000 0.000000):
--------------------------------------
[1] 187 93.50 199
[2] 195 97.50 200
[3] 85 42.50 191
[4] 189 94.50 200
[5] 194 97.00 200
[6] 188 94.00 200
[7] 195 97.50 200
[8] 68 34.00 130
[9] 167 83.50 200
[10] 173 86.50 200
[11] 171 85.50 200
[16] 199 99.50 200
[17] 196 98.00 200
[18] 197 98.50 200
[19] 189 94.50 200
[20] 199 99.50 200
[22] 193 96.50 200
[24] 173 86.50 200
[25] 136 68.00 199
[26] 168 84.00 200
[27] 189 94.50 200
[32] 1 0.50 4412152271256501252
[33] 84 42.00 198
[34] 2 1.00 164
[35] 166 83.00 200
[36] 189 94.50 200
[38] 164 82.00 200
[39] 196 98.00 200
[40] 193 96.50 200
[41] 188 94.00 200
[42] 150 75.00 200
[43] 187 93.50 198
[48] 198 99.00 13556873916873441480
[49] 190 95.00 200
[50] 197 98.50 200
[51] 195 97.50 200
[53] 176 88.00 200
[54] 197 98.50 200
[55] 197 98.50 200

NODE 17 (25.000000 2.000000 0.000000):
--------------------------------------
[1] 143 71.50 199
[2] 116 58.00 200
[4] 100 50.00 200
[5] 62 31.00 200
[7] 16 8.00 129
[8] 8 4.00 147
[18] 129 64.50 200
[19] 91 45.50 199
[20] 198 99.00 200
[21] 123 61.50 200
[22] 34 17.00 177
[23] 3 1.50 137
[24] 4 2.00 199
[32] 1 0.50 15741263
[35] 62 31.00 198
[36] 70 35.00 200
[38] 30 15.00 190
[40] 5 2.50 155
[48] 156 78.00 17320502218750689480
[50] 119 59.50 200
[51] 76 38.00 197
[52] 58 29.00 198
[53] 23 11.50 192
[54] 50 25.00 193

NODE 13 (37.000000 22.000000 0.000000):
--------------------------------------
[1] 193 96.50 200
[2] 194 97.00 200
[3] 196 98.00 200
[4] 189 94.50 200
[5] 195 97.50 200
[6] 193 96.50 200
[7] 197 98.50 200
[8] 192 96.00 200
[9] 186 93.00 200
[10] 193 96.50 200
[11] 174 87.00 199
[16] 200 100.00 200
[17] 193 96.50 200
[18] 197 98.50 200
[19] 177 88.50 200
[20] 200 100.00 200
[22] 190 95.00 200
[23] 191 95.50 200
[24] 157 78.50 200
[25] 182 91.00 200
[27] 189 94.50 200
[35] 173 86.50 200
[36] 191 95.50 200
[37] 125 62.50 194
[38] 5 2.50 126
[39] 173 86.50 200
[40] 137 68.50 200
[42] 193 96.50 200
[44] 3 1.50 111
[48] 14 7.00 4340256179948093567
[49] 190 95.00 200
[51] 193 96.50 200
[53] 165 82.50 200
[54] 199 99.50 200
[55] 3 1.50 133

NODE 34 (5.000000 26.000000 0.000000):
--------------------------------------
[1] 3 1.50 15
[2] 129 64.50 200
[3] 197 98.50 200
[4] 58 29.00 200
[5] 31 15.50 200
[6] 1 0.50 136
[7] 194 97.00 200
[8] 189 94.50 200
[9] 3 1.50 72
[16] 184 92.00 200
[18] 182 91.00 200
[22] 3 1.50 105
[23] 4 2.00 74
[24] 184 92.00 199
[32] 1 0.50 584880397
[33] 198 99.00 200
[35] 196 98.00 200
[36] 190 95.00 200
[37] 184 92.00 200
[38] 190 95.00 200
[39] 198 99.00 200
[40] 90 45.00 199
[42] 185 92.50 200
[43] 193 96.50 200
[48] 200 100.00 200
[49] 193 96.50 200
[50] 110 55.00 200
[52] 193 96.50 200

NODE 33 (5.000000 18.000000 0.000000):
--------------------------------------
[2] 15 7.50 93
[3] 14 7.00 156
[5] 11 5.50 139
[8] 2 1.00 91
[9] 10 5.00 189
[10] 117 58.50 199
[11] 185 92.50 200
[16] 12 6.00 165
[18] 36 18.00 194
[19] 105 52.50 197
[20] 73 36.50 199
[21] 9 4.50 153
[22] 182 91.00 200
[24] 181 90.50 200
[32] 1 0.50 1287398298
[34] 192 96.00 200
[35] 194 97.00 200
[36] 190 95.00 200
[37] 194 97.00 200
[38] 190 95.00 200
[39] 198 99.00 200
[40] 189 94.50 200
[42] 190 95.00 200
[43] 189 94.50 200
[44] 2 1.00 200
[48] 198 99.00 13586139617869955272
[49] 194 97.00 200
[50] 193 96.50 200
[51] 196 98.00 200
[52] 190 95.00 200
[53] 171 85.50 200
[55] 65 32.50 190

NODE 32 (17.000000 22.000000 0.000000):
--------------------------------------
[1] 181 90.50 200
[2] 195 97.50 200
[3] 196 98.00 200
[4] 13 6.50 200
[5] 144 72.00 200
[6] 64 32.00 200
[7] 193 96.50 200
[8] 192 96.00 200
[9] 180 90.00 200
[10] 175 87.50 200
[16] 198 99.00 200
[17] 191 95.50 200
[18] 198 99.00 200
[19] 181 90.50 200
[21] 179 89.50 200
[22] 194 97.00 200
[23] 179 89.50 200
[24] 178 89.00 199
[25] 190 95.00 200
[26] 183 91.50 200
[33] 197 98.50 200
[34] 183 91.50 200
[35] 149 74.50 200
[36] 178 89.00 200
[37] 122 61.00 200
[38] 180 90.00 200
[39] 198 99.00 200
[40] 187 93.50 199
[41] 123 61.50 199
[42] 185 92.50 200
[48] 200 100.00 200
[49] 192 96.00 200
[51] 194 97.00 200
[52] 185 92.50 200
[53] 193 96.50 200
[54] 198 99.00 200
[55] 198 99.00 200

NODE 36 (5.000000 10.000000 0.000000):
--------------------------------------
[2] 32 16.00 195
[4] 173 86.50 200
[5] 1 0.50 37
[6] 14 7.00 190
[7] 192 96.00 200
[8] 188 94.00 200
[9] 181 90.50 200
[10] 153 76.50 200
[11] 139 69.50 199
[16] 54 27.00 191
[17] 195 97.50 200
[18] 198 99.00 200
[19] 138 69.00 200
[20] 196 98.00 200
[21] 184 92.00 200
[23] 182 91.00 200
[24] 187 93.50 200
[26] 177 88.50 200
[32] 1 0.50 200
[33] 198 99.00 200
[34] 194 97.00 200
[35] 187 93.50 200
[37] 197 98.50 200
[38] 186 93.00 200
[39] 196 98.00 200
[41] 48 24.00 200
[42] 194 97.00 200
[43] 189 94.50 200
[44] 190 95.00 200
[48] 198 99.00 12950857192503771336
[49] 192 96.00 200
[50] 195 97.50 200
[51] 195 97.50 200
[52] 119 59.50 200
[53] 172 86.00 200
[54] 122 61.00 199
[55] 183 91.50 200

NODE 35 (5.000000 22.000000 0.000000):
--------------------------------------
[1] 31 15.50 200
[2] 194 97.00 200
[3] 126 63.00 200
[4] 158 79.00 200
[5] 21 10.50 176
[6] 18 9.00 193
[7] 143 71.50 173
[8] 192 96.00 200
[9] 176 88.00 200
[10] 6 3.00 74
[11] 105 52.50 199
[16] 189 94.50 200
[17] 184 92.00 200
[18] 197 98.50 200
[19] 177 88.50 200
[21] 145 72.50 200
[23] 162 81.00 200
[24] 174 87.00 199
[25] 23 11.50 197
[27] 56 28.00 198
[32] 1 0.50 9223372047323726879
[33] 194 97.00 200
[34] 195 97.50 200
[36] 190 95.00 200
[37] 189 94.50 200
[38] 181 90.50 200
[39] 199 99.50 200
[40] 183 91.50 200
[41] 190 95.00 200
[42] 188 94.00 200
[43] 177 88.50 200
[44] 163 81.50 200
[48] 199 99.50 13815400986400784584
[49] 196 98.00 200
[50] 196 98.00 200
[51] 21 10.50 185
[52] 189 94.50 200
[53] 173 86.50 200
[54] 198 99.00 200

NODE 31 (13.000000 22.000000 0.000000):
--------------------------------------
[1] 192 96.00 200
[2] 194 97.00 200
[3] 196 98.00 200
[4] 135 67.50 200
[6] 184 92.00 200
[7] 70 35.00 198
[8] 191 95.50 200
[9] 178 89.00 200
[10] 122 61.00 200
[11] 179 89.50 200
[16] 195 97.50 200
[18] 198 99.00 200
[19] 189 94.50 200
[20] 10 5.00 183
[22] 193 96.50 200
[23] 186 93.00 200
[24] 173 86.50 199
[25] 179 89.50 200
[26] 113 56.50 199
[27] 180 90.00 200
[32] 1 0.50 200
[34] 194 97.00 200
[35] 178 89.00 200
[36] 189 94.50 200
[37] 159 79.50 200
[38] 181 90.50 200
[39] 198 99.00 200
[40] 193 96.50 200
[41] 193 96.50 200
[42] 183 91.50 200
[43] 180 90.00 198
[48] 199 99.50 13261175657745875144
[49] 196 98.00 200
[50] 180 90.00 200
[51] 196 98.00 200
[52] 191 95.50 200
[53] 169 84.50 200
[54] 198 99.00 200
[55] 199 99.50 200

NODE 30 (17.000000 6.000000 0.000000):
--------------------------------------
[1] 194 97.00 200
[2] 195 97.50 200
[3] 193 96.50 200
[4] 178 89.00 200
[5] 192 96.00 200
[6] 181 90.50 200
[7] 193 96.50 200
[9] 111 55.50 200
[10] 39 19.50 200
[11] 186 93.00 200
[16] 200 100.00 200
[17] 192 96.00 200
[18] 198 99.00 200
[19] 166 83.00 200
[20] 22 11.00 199
[21] 189 94.50 200
[22] 192 96.00 200
[23] 187 93.50 200
[24] 167 83.50 199
[25] 181 90.50 200
[26] 178 89.00 200
[27] 189 94.50 200
[32] 1 0.50 1658491145
[33] 23 11.50 187
[35] 160 80.00 200
[36] 182 91.00 200
[37] 173 86.50 199
[38] 188 94.00 200
[39] 198 99.00 200
[42] 183 91.50 200
[43] 192 96.00 200
[44] 191 95.50 200
[48] 196 98.00 13270651248954048712
[49] 193 96.50 200
[50] 63 31.50 193
[51] 196 98.00 200
[53] 195 97.50 200
[54] 199 99.50 200
[55] 197 98.50 200

NODE 29 (17.000000 2.000000 0.000000):
--------------------------------------
[1] 177 88.50 200
[2] 194 97.00 200
[3] 83 41.50 182
[4] 190 95.00 200
[6] 54 27.00 196
[7] 78 39.00 197
[9] 38 19.00 149
[10] 25 12.50 200
[11] 175 87.50 199
[16] 199 99.50 200
[17] 195 97.50 200
[18] 198 99.00 200
[19] 180 90.00 200
[20] 26 13.00 199
[21] 174 87.00 200
[22] 8 4.00 182
[25] 184 92.00 200
[26] 187 93.50 200
[27] 188 94.00 200
[35] 132 66.00 198
[36] 189 94.50 200
[38] 196 98.00 200
[39] 195 97.50 200
[41] 11 5.50 193
[42] 182 91.00 200
[43] 196 98.00 198
[44] 189 94.50 200
[48] 198 99.00 13554163620710973640
[49] 155 77.50 200
[50] 89 44.50 197
[51] 196 98.00 200
[53] 193 96.50 200
[54] 42 21.00 192
[55] 8 4.00 155

NODE 12 (37.000000 14.000000 0.000000):
--------------------------------------
[1] 195 97.50 200
[2] 196 98.00 200
[3] 195 97.50 200
[4] 185 92.50 200
[5] 195 97.50 200
[6] 197 98.50 200
[7] 195 97.50 200
[8] 194 97.00 200
[9] 179 89.50 200
[10] 186 93.00 200
[11] 184 92.00 199
[16] 199 99.50 200
[18] 198 99.00 200
[19] 177 88.50 200
[20] 37 18.50 193
[21] 2 1.00 159
[22] 194 97.00 200
[24] 181 90.50 200
[25] 177 88.50 200
[27] 184 92.00 200
[34] 27 13.50 200
[35] 181 90.50 200
[37] 1 0.50 162
[38] 153 76.50 200
[40] 193 96.50 200
[48] 138 69.00 13691533304950423751
[50] 2 1.00 48
[51] 189 94.50 200
[54] 198 99.00 200
[55] 198 99.00 200

NODE 40 (9.000000 22.000000 0.000000):
--------------------------------------
[2] 195 97.50 200
[3] 185 92.50 200
[5] 71 35.50 198
[6] 181 90.50 200
[7] 125 62.50 200
[8] 194 97.00 200
[9] 3 1.50 87
[10] 38 19.00 194
[11] 186 93.00 200
[16] 196 98.00 200
[17] 167 83.50 200
[18] 198 99.00 200
[19] 48 24.00 198
[20] 3 1.50 183
[21] 186 93.00 200
[23] 190 95.00 200
[24] 186 93.00 200
[25] 152 76.00 198
[32] 1 0.50 3489621854
[33] 197 98.50 200
[34] 89 44.50 200
[35] 173 86.50 200
[37] 192 96.00 200
[38] 194 97.00 200
[39] 199 99.50 200
[42] 28 14.00 190
[43] 194 97.00 200
[48] 158 79.00 18382014724670750920
[49] 185 92.50 200
[50] 196 98.00 200
[51] 196 98.00 200
[52] 195 97.50 200
[53] 181 90.50 200
[54] 199 99.50 200
[55] 1 0.50 137

NODE 39 (9.000000 14.000000 0.000000):
--------------------------------------
[1] 7 3.50 107
[2] 2 1.00 146
[4] 171 85.50 200
[5] 167 83.50 199
[6] 6 3.00 153
[7] 20 10.00 135
[8] 194 97.00 200
[9] 171 85.50 200
[11] 146 73.00 199
[18] 198 99.00 200
[19] 169 84.50 200
[21] 175 87.50 198
[23] 15 7.50 109
[24] 173 86.50 199
[25] 176 88.00 200
[27] 180 90.00 200
[32] 1 0.50 578728751
[33] 194 97.00 200
[34] 195 97.50 200
[35] 187 93.50 200
[36] 187 93.50 200
[37] 189 94.50 200
[38] 195 97.50 200
[40] 192 96.00 200
[42] 182 91.00 200
[43] 195 97.50 200
[44] 2 1.00 161
[48] 38 19.00 18053949042244714676
[49] 196 98.00 200
[50] 196 98.00 200
[51] 194 97.00 200
[52] 192 96.00 200
[53] 25 12.50 195
[54] 198 99.00 200
[55] 196 98.00 200

NODE 38 (9.000000 6.000000 0.000000):
--------------------------------------
[1] 27 13.50 198
[2] 18 9.00 199
[4] 75 37.50 200
[7] 20 10.00 188
[16] 113 56.50 199
[17] 56 28.00 200
[18] 96 48.00 198
[20] 2 1.00 163
[21] 36 18.00 200
[22] 11 5.50 192
[27] 10 5.00 175
[32] 1 0.50 1287398238
[33] 197 98.50 200
[34] 52 26.00 200
[35] 174 87.00 200
[36] 182 91.00 200
[37] 193 96.50 200
[39] 199 99.50 200
[40] 192 96.00 200
[41] 191 95.50 200
[42] 190 95.00 200
[43] 198 99.00 200
[44] 190 95.00 200
[48] 199 99.50 13269920073721577672
[49] 123 61.50 199
[50] 197 98.50 200
[51] 196 98.00 200
[52] 170 85.00 200
[53] 171 85.50 200
[54] 51 25.50 198
[55] 98 49.00 199

NODE 37 (5.000000 14.000000 0.000000):
--------------------------------------
[2] 173 86.50 200
[3] 175 87.50 200
[7] 9 4.50 154
[8] 154 77.00 200
[10] 87 43.50 200
[11] 79 39.50 199
[18] 198 99.00 200
[20] 193 96.50 200
[21] 1 0.50 8
[24] 173 86.50 199
[25] 185 92.50 200
[26] 173 86.50 200
[27] 37 18.50 183
[32] 1 0.50 3086988079
[33] 196 98.00 200
[34] 187 93.50 199
[35] 182 91.00 200
[36] 191 95.50 200
[38] 192 96.00 200
[39] 199 99.50 200
[40] 191 95.50 200
[41] 191 95.50 200
[42] 190 95.00 200
[43] 189 94.50 200
[44] 192 96.00 200
[48] 196 98.00 17943718603513659592
[49] 196 98.00 200
[50] 185 92.50 200
[51] 196 98.00 200
[52] 28 14.00 199
[53] 167 83.50 200
[54] 199 99.50 200
[55] 198 99.00 200

NODE 43 (9.000000 2.000000 0.000000):
--------------------------------------
[1] 4 2.00 24
[2] 180 90.00 200
[6] 29 14.50 163
[11] 1 0.50 95
[17] 153 76.50 200
[18] 100 50.00 198
[21] 186 93.00 200
[24] 134 67.00 199
[33] 193 96.50 200
[34] 195 97.50 200
[35] 67 33.50 200
[36] 184 92.00 200
[37] 188 94.00 200
[38] 198 99.00 200
[39] 199 99.50 200
[40] 189 94.50 200
[41] 58 29.00 199
[42] 184 92.00 200
[44] 195 97.50 200
[48] 200 100.00 200
[49] 88 44.00 200
[50] 195 97.50 200
[51] 196 98.00 200
[53] 184 92.00 200

NODE 46 (13.000000 26.000000 0.000000):
--------------------------------------
[2] 190 95.00 200
[3] 196 98.00 200
[4] 80 40.00 199
[5] 193 96.50 200
[6] 179 89.50 200
[7] 197 98.50 200
[8] 4 2.00 99
[9] 36 18.00 180
[10] 154 77.00 200
[11] 183 91.50 199
[20] 196 98.00 200
[22] 193 96.50 200
[23] 189 94.50 200
[25] 182 91.00 200
[26] 134 67.00 199
[32] 1 0.50 1287398238
[33] 196 98.00 200
[34] 194 97.00 200
[35] 182 91.00 200
[36] 186 93.00 200
[37] 173 86.50 200
[38] 113 56.50 200
[39] 199 99.50 200
[40] 190 95.00 200
[41] 27 13.50 198
[42] 102 51.00 200
[43] 47 23.50 199
[48] 198 99.00 13443936480514801864
[49] 195 97.50 200
[50] 197 98.50 200
[51] 194 97.00 200
[52] 193 96.50 200
[53] 170 85.00 200
[54] 161 80.50 199
[55] 199 99.50 200

NODE 49 (13.000000 18.000000 0.000000):
--------------------------------------
[2] 191 95.50 200
[3] 17 8.50 192
[4] 155 77.50 200
[5] 47 23.50 200
[6] 189 94.50 200
[7] 41 20.50 187
[8] 194 97.00 200
[9] 182 91.00 200
[10] 6 3.00 200
[11] 3 1.50 60
[16] 193 96.50 200
[18] 184 92.00 200
[19] 95 47.50 200
[20] 197 98.50 200
[21] 179 89.50 200
[22] 194 97.00 200
[23] 188 94.00 200
[24] 187 93.50 199
[25] 167 83.50 200
[27] 183 91.50 200
[32] 1 0.50 1287398170
[33] 195 97.50 200
[34] 193 96.50 200
[35] 189 94.50 200
[36] 190 95.00 200
[37] 187 93.50 200
[38] 181 90.50 200
[39] 199 99.50 200
[40] 190 95.00 200
[42] 179 89.50 200
[43] 176 88.00 198
[48] 200 100.00 200
[50] 195 97.50 200
[51] 195 97.50 200
[52] 183 91.50 200
[53] 181 90.50 200
[54] 172 86.00 200
[55] 199 99.50 200

NODE 48 (13.000000 6.000000 0.000000):
--------------------------------------
[1] 17 8.50 199
[2] 195 97.50 200
[3] 123 61.50 196
[4] 73 36.50 199
[6] 13 6.50 159
[10] 2 1.00 124
[11] 1 0.50 99
[16] 198 99.00 200
[17] 57 28.50 200
[18] 178 89.00 200
[20] 134 67.00 200
[21] 187 93.50 200
[22] 25 12.50 192
[23] 189 94.50 200
[24] 25 12.50 198
[25] 11 5.50 192
[26] 175 87.50 200
[27] 184 92.00 200
[32] 1 0.50 15741251
[33] 196 98.00 200
[34] 118 59.00 200
[35] 47 23.50 199
[36] 186 93.00 200
[37] 62 31.00 196
[38] 198 99.00 200
[40] 16 8.00 179
[41] 196 98.00 200
[42] 190 95.00 200
[43] 191 95.50 198
[44] 189 94.50 200
[49] 195 97.50 200
[50] 197 98.50 200
[51] 196 98.00 200
[52] 7 3.50 85
[53] 186 93.00 200
[54] 17 8.50 191
[55] 14 7.00 185

NODE 51 (9.000000 18.000000 0.000000):
--------------------------------------
[1] 27 13.50 177
[2] 80 40.00 198
[3] 15 7.50 189
[4] 183 91.50 200
[5] 169 84.50 200
[6] 185 92.50 200
[7] 188 94.00 200
[8] 185 92.50 200
[9] 121 60.50 200
[10] 92 46.00 200
[11] 152 76.00 199
[16] 197 98.50 200
[17] 32 16.00 175
[18] 197 98.50 200
[19] 153 76.50 200
[20] 152 76.00 198
[21] 178 89.00 200
[22] 193 96.50 200
[23] 185 92.50 200
[24] 150 75.00 199
[25] 174 87.00 200
[26] 93 46.50 200
[32] 1 0.50 200
[33] 198 99.00 200
[36] 183 91.50 200
[37] 181 90.50 200
[38] 193 96.50 200
[39] 199 99.50 200
[40] 192 96.00 200
[41] 119 59.50 200
[42] 166 83.00 200
[43] 191 95.50 200
[44] 100 50.00 193
[48] 197 98.50 13195556803800203464
[49] 192 96.00 200
[50] 196 98.00 200
[52] 195 97.50 200
[53] 178 89.00 200
[54] 197 98.50 200
[55] 126 63.00 198

NODE 47 (13.000000 14.000000 0.000000):
--------------------------------------
[2] 83 41.50 199
[3] 14 7.00 184
[6] 189 94.50 200
[7] 23 11.50 199
[8] 194 97.00 200
[9] 178 89.00 200
[11] 176 88.00 200
[16] 176 88.00 200
[17] 25 12.50 194
[18] 197 98.50 200
[19] 183 91.50 200
[20] 197 98.50 200
[21] 182 91.00 200
[22] 192 96.00 200
[23] 186 93.00 200
[24] 173 86.50 199
[25] 177 88.50 200
[26] 177 88.50 200
[27] 183 91.50 200
[32] 1 0.50 200
[33] 197 98.50 200
[34] 173 86.50 200
[35] 182 91.00 200
[36] 194 97.00 200
[38] 193 96.50 200
[40] 127 63.50 200
[41] 195 97.50 200
[42] 180 90.00 200
[43] 154 77.00 198
[48] 199 99.50 13303771837717545160
[49] 194 97.00 200
[50] 195 97.50 200
[51] 196 98.00 200
[52] 182 91.00 200
[53] 181 90.50 200
[54] 199 99.50 200
[55] 198 99.00 200

NODE 45 (13.000000 2.000000 0.000000):
--------------------------------------
[3] 23 11.50 196
[4] 5 2.50 157
[7] 41 20.50 180
[16] 73 36.50 195
[17] 123 61.50 200
[18] 195 97.50 200
[19] 43 21.50 199
[20] 193 96.50 200
[21] 183 91.50 200
[24] 35 17.50 197
[25] 101 50.50 199
[26] 185 92.50 200
[27] 16 8.00 177
[32] 1 0.50 4275998989
[33] 69 34.50 200
[34] 36 18.00 200
[37] 14 7.00 189
[38] 196 98.00 200
[39] 4 2.00 193
[40] 27 13.50 200
[41] 153 76.50 200
[42] 172 86.00 200
[43] 194 97.00 198
[44] 194 97.00 200
[48] 198 99.00 13561346730175234248
[49] 172 86.00 200
[50] 195 97.50 200
[53] 103 51.50 199

NODE 50 (9.000000 10.000000 0.000000):
--------------------------------------
[1] 1 0.50 200
[3] 196 98.00 200
[4] 184 92.00 200
[6] 115 57.50 200
[7] 87 43.50 199
[8] 163 81.50 200
[9] 44 22.00 197
[11] 14 7.00 188
[16] 161 80.50 200
[17] 194 97.00 200
[18] 197 98.50 200
[20] 190 95.00 200
[21] 187 93.50 200
[22] 178 89.00 200
[23] 111 55.50 198
[24] 173 86.50 200
[25] 32 16.00 190
[27] 188 94.00 200
[33] 196 98.00 200
[34] 12 6.00 183
[35] 177 88.50 200
[36] 193 96.50 200
[37] 18 9.00 191
[38] 196 98.00 200
[39] 199 99.50 200
[40] 193 96.50 200
[41] 193 96.50 200
[42] 187 93.50 200
[43] 195 97.50 200
[44] 116 58.00 198
[48] 200 100.00 200
[49] 130 65.00 199
[51] 195 97.50 200
[52] 190 95.00 200
[54] 199 99.50 200
[55] 197 98.50 200

NODE 52 (9.000000 26.000000 0.000000):
--------------------------------------
[1] 6 3.00 139
[2] 126 63.00 200
[3] 146 73.00 199
[4] 24 12.00 192
[5] 110 55.00 198
[6] 1 0.50 117
[7] 195 97.50 200
[8] 193 96.50 200
[9] 139 69.50 200
[10] 167 83.50 200
[11] 182 91.00 200
[16] 197 98.50 200
[17] 189 94.50 200
[18] 196 98.00 200
[19] 175 87.50 200
[20] 103 51.50 197
[21] 1 0.50 155
[22] 194 97.00 200
[24] 184 92.00 199
[25] 180 90.00 200
[27] 27 13.50 200
[32] 1 0.50 1153311514
[33] 198 99.00 200
[34] 195 97.50 200
[35] 189 94.50 200
[36] 182 91.00 200
[37] 63 31.50 199
[38] 190 95.00 200
[39] 199 99.50 200
[40] 193 96.50 200
[41] 81 40.50 199
[44] 186 93.00 200
[48] 179 89.50 16002847484023931080
[49] 193 96.50 200
[50] 194 97.00 200
[51] 196 98.00 200
[53] 159 79.50 199
[54] 198 99.00 200
[55] 195 97.50 200

NODE 53 (17.000000 14.000000 0.000000):
--------------------------------------
[2] 196 98.00 200
[3] 2 1.00 186
[4] 107 53.50 188
[5] 117 58.50 189
[6] 187 93.50 200
[7] 195 97.50 200
[8] 190 95.00 200
[9] 174 87.00 200
[10] 177 88.50 200
[11] 160 80.00 200
[16] 191 95.50 200
[17] 54 27.00 181
[18] 198 99.00 200
[19] 171 85.50 200
[21] 176 88.00 200
[22] 193 96.50 200
[23] 188 94.00 200
[24] 178 89.00 200
[25] 183 91.50 200
[26] 172 86.00 200
[27] 188 94.00 200
[32] 1 0.50 1287398170
[33] 196 98.00 200
[35] 173 86.50 200
[36] 183 91.50 200
[37] 174 87.00 200
[38] 182 91.00 200
[40] 192 96.00 200
[41] 193 96.50 200
[42] 184 92.00 200
[43] 185 92.50 198
[44] 169 84.50 200
[48] 197 98.50 13259325179676328136
[49] 190 95.00 200
[50] 19 9.50 198
[51] 195 97.50 200
[52] 157 78.50 199
[54] 198 99.00 200
[55] 198 99.00 200

NODE 55 (17.000000 26.000000 0.000000):
--------------------------------------
[1] 194 97.00 200
[2] 195 97.50 200
[3] 194 97.00 200
[4] 181 90.50 200
[5] 194 97.00 200
[7] 111 55.50 200
[8] 194 97.00 200
[9] 183 91.50 200
[10] 132 66.00 200
[11] 177 88.50 200
[16] 56 28.00 137
[18] 195 97.50 200
[19] 165 82.50 200
[20] 102 51.00 200
[21] 186 93.00 200
[22] 190 95.00 200
[23] 192 96.00 200
[24] 179 89.50 199
[25] 187 93.50 200
[26] 8 4.00 197
[27] 183 91.50 200
[32] 1 0.50 1287398170
[33] 62 31.00 194
[36] 181 90.50 200
[37] 188 94.00 200
[38] 181 90.50 200
[39] 198 99.00 200
[40] 17 8.50 190
[41] 128 64.00 200
[43] 1 0.50 5
[44] 144 72.00 200
[48] 200 100.00 200
[49] 195 97.50 200
[50] 196 98.00 200
[51] 195 97.50 200
[52] 184 92.00 200
[53] 191 95.50 200
[54] 199 99.50 200

NODE 54 (17.000000 18.000000 0.000000):
--------------------------------------
[1] 194 97.00 200
[2] 196 98.00 200
[4] 181 90.50 200
[5] 194 97.00 200
[6] 188 94.00 200
[7] 195 97.50 200
[8] 194 97.00 200
[9] 73 36.50 199
[10] 176 88.00 200
[11] 150 75.00 199
[16] 198 99.00 200
[17] 146 73.00 200
[18] 197 98.50 200
[19] 178 89.00 200
[21] 191 95.50 200
[22] 191 95.50 200
[23] 192 96.00 200
[24] 187 93.50 200
[25] 190 95.00 200
[26] 180 90.00 200
[27] 98 49.00 199
[32] 1 0.50 1287398238
[35] 184 92.00 200
[36] 150 75.00 200
[37] 187 93.50 200
[38] 180 90.00 200
[39] 198 99.00 200
[40] 192 96.00 200
[41] 186 93.00 200
[42] 185 92.50 200
[43] 30 15.00 188
[48] 200 100.00 200
[49] 190 95.00 200
[50] 197 98.50 200
[51] 194 97.00 200
[52] 180 90.00 199
[53] 195 97.50 200
[55] 198 99.00 200

NODE 44 (5.000000 2.000000 0.000000):
--------------------------------------
[2] 33 16.50 193
[19] 3 1.50 185
[20] 168 84.00 200
[22] 79 39.50 200
[23] 134 67.00 200
[27] 190 95.00 200
[33] 25 12.50 200
[35] 184 92.00 200
[36] 186 93.00 200
[37] 195 97.50 200
[38] 197 98.50 200
[40] 2 1.00 141
[41] 30 15.00 189
[42] 193 96.50 200
[43] 196 98.00 200
[48] 200 100.00 200
[50] 128 64.00 200
[51] 137 68.50 200
[52] 129 64.50 200
[53] 55 27.50 197
[55] 28 14.00 199

NODE 42 (5.000000 6.000000 0.000000):
--------------------------------------
[8] 14 7.00 200
[17] 174 87.00 200
[18] 63 31.50 199
[19] 30 15.00 196
[20] 177 88.50 200
[22] 2 1.00 77
[23] 20 10.00 184
[24] 1 0.50 28
[25] 1 0.50 163
[26] 35 17.50 200
[27] 13 6.50 178
[32] 1 0.50 15741251
[33] 196 98.00 200
[34] 30 15.00 194
[35] 186 93.00 200
[36] 192 96.00 200
[37] 189 94.50 200
[38] 197 98.50 200
[39] 15 7.50 186
[41] 76 38.00 199
[43] 192 96.00 200
[44] 194 97.00 200
[48] 199 99.50 13594539886706163912
[49] 125 62.50 200
[50] 186 93.00 200
[51] 196 98.00 200
[53] 176 88.00 200
[54] 31 15.50 194

NODE 41 (13.000000 10.000000 0.000000):
--------------------------------------
[2] 174 87.00 200
[6] 4 2.00 115
[9] 52 26.00 197
[11] 27 13.50 132
[16] 13 6.50 195
[19] 183 91.50 200
[21] 180 90.00 200
[24] 174 87.00 199
[25] 182 91.00 200
[26] 175 87.50 200
[27] 165 82.50 200
[32] 1 0.50 583831821
[35] 180 90.00 200
[36] 180 90.00 200
[37] 194 97.00 200
[38] 196 98.00 200
[40] 52 26.00 173
[42] 189 94.50 200
[43] 192 96.00 198
[44] 189 94.50 200
[48] 199 99.50 13551771083408933064
[50] 195 97.50 200
[51] 193 96.50 200
[52] 144 72.00 198
[53] 181 90.50 200
[54] 198 99.00 200
[55] 186 93.00 200




************************************************************
EXPERIMENT:  ceiling-test
DATE:  Tue May  6 18:25:09 2003
PARAMETERS:
  total number of packets: 200
  packet size: 50 bytes
  period time: 1000 miliseconds
  power setting: 60 units
************************************************************

NODE 1 (29.000000 14.000000 0.000000):
--------------------------------------
[2] 198 99.00 200
[3] 197 98.50 200
[4] 176 88.00 200
[5] 195 97.50 200
[6] 198 99.00 200
[7] 195 97.50 200
[8] 194 97.00 200
[9] 157 78.50 200
[10] 174 87.00 200
[11] 182 91.00 200
[16] 197 98.50 200
[17] 193 96.50 200
[18] 196 98.00 200
[19] 187 93.50 200
[20] 196 98.00 200
[21] 176 88.00 200
[22] 193 96.50 200
[23] 183 91.50 200
[24] 183 91.50 200
[25] 75 37.50 200
[26] 168 84.00 199
[27] 176 88.00 200
[32] 1 0.50 200
[34] 193 96.50 200
[35] 165 82.50 200
[36] 159 79.50 199
[37] 15 7.50 199
[38] 167 83.50 199
[39] 195 97.50 200
[40] 195 97.50 200
[41] 185 92.50 200
[42] 23 11.50 105
[43] 161 80.50 199
[44] 162 81.00 200
[48] 199 99.50 200
[49] 194 97.00 200
[50] 197 98.50 200
[51] 193 96.50 200
[52] 155 77.50 200
[54] 195 97.50 200
[55] 193 96.50 200

NODE 2 (29.000000 18.000000 0.000000):
--------------------------------------
[1] 195 97.50 200
[3] 197 98.50 200
[4] 180 90.00 200
[5] 192 96.00 200
[6] 196 98.00 200
[7] 193 96.50 200
[8] 193 96.50 200
[9] 182 91.00 200
[10] 177 88.50 200
[11] 185 92.50 200
[16] 197 98.50 200
[17] 190 95.00 200
[18] 197 98.50 200
[19] 179 89.50 200
[20] 197 98.50 200
[21] 176 88.00 200
[22] 192 96.00 200
[23] 190 95.00 200
[24] 164 82.00 200
[25] 167 83.50 200
[26] 168 84.00 199
[27] 183 91.50 200
[32] 1 0.50 200
[33] 195 97.50 200
[34] 192 96.00 200
[35] 167 83.50 200
[36] 159 79.50 199
[37] 148 74.00 200
[38] 140 70.00 199
[39] 196 98.00 200
[40] 196 98.00 200
[41] 186 93.00 200
[42] 161 80.50 199
[43] 166 83.00 200
[44] 161 80.50 200
[48] 198 99.00 13304653646043021512
[49] 194 97.00 200
[50] 193 96.50 200
[51] 195 97.50 200
[52] 156 78.00 200
[53] 168 84.00 199
[54] 198 99.00 200
[55] 193 96.50 200

NODE 3 (33.000000 18.000000 0.000000):
--------------------------------------
[1] 192 96.00 200
[2] 197 98.50 200
[4] 171 85.50 199
[5] 193 96.50 200
[6] 199 99.50 200
[7] 194 97.00 200
[8] 195 97.50 200
[9] 166 83.00 200
[10] 182 91.00 200
[11] 187 93.50 200
[16] 198 99.00 200
[17] 119 59.50 200
[18] 195 97.50 200
[19] 178 89.00 200
[20] 162 81.00 200
[21] 171 85.50 200
[22] 197 98.50 200
[23] 177 88.50 200
[24] 172 86.00 200
[25] 168 84.00 200
[26] 11 5.50 186
[27] 170 85.00 200
[32] 1 0.50 1287398234
[33] 196 98.00 200
[34] 194 97.00 200
[35] 164 82.00 200
[36] 160 80.00 199
[37] 165 82.50 200
[38] 164 82.00 199
[39] 195 97.50 200
[40] 199 99.50 200
[41] 191 95.50 200
[42] 4 2.00 115
[43] 165 82.50 199
[44] 160 80.00 200
[48] 198 99.00 13597398616938381512
[49] 192 96.00 200
[50] 194 97.00 200
[51] 192 96.00 200
[52] 162 81.00 200
[53] 157 78.50 199
[54] 197 98.50 200
[55] 196 98.00 200

NODE 4 (29.000000 8.000000 0.000000):
--------------------------------------
[1] 193 96.50 200
[2] 197 98.50 200
[3] 198 99.00 200
[5] 189 94.50 200
[6] 195 97.50 200
[7] 194 97.00 200
[8] 184 92.00 200
[9] 155 77.50 200
[10] 42 21.00 174
[11] 147 73.50 200
[16] 163 81.50 200
[17] 195 97.50 200
[18] 195 97.50 200
[19] 182 91.00 200
[20] 198 99.00 200
[21] 184 92.00 200
[22] 193 96.50 200
[23] 185 92.50 200
[24] 165 82.50 200
[25] 170 85.00 200
[26] 174 87.00 199
[27] 172 86.00 200
[32] 1 0.50 16279390
[33] 98 49.00 200
[34] 189 94.50 200
[35] 162 81.00 200
[36] 166 83.00 199
[37] 108 54.00 200
[38] 168 84.00 199
[39] 194 97.00 199
[40] 22 11.00 200
[41] 2 1.00 151
[42] 9 4.50 105
[43] 173 86.50 200
[48] 117 58.50 15719822195918110920
[49] 192 96.00 200
[50] 196 98.00 200
[51] 188 94.00 200
[52] 73 36.50 200
[53] 167 83.50 199
[54] 198 99.00 200
[55] 194 97.00 200

NODE 6 (33.000000 22.000000 0.000000):
--------------------------------------
[1] 195 97.50 200
[2] 197 98.50 200
[3] 199 99.50 200
[4] 167 83.50 200
[5] 193 96.50 200
[7] 194 97.00 200
[8] 196 98.00 200
[9] 168 84.00 200
[10] 168 84.00 200
[11] 181 90.50 200
[16] 196 98.00 200
[17] 153 76.50 200
[18] 197 98.50 200
[19] 180 90.00 200
[20] 195 97.50 200
[21] 172 86.00 200
[22] 195 97.50 200
[23] 45 22.50 195
[24] 168 84.00 200
[25] 167 83.50 200
[26] 165 82.50 199
[27] 128 64.00 200
[32] 1 0.50 1287398170
[33] 176 88.00 200
[34] 190 95.00 200
[35] 170 85.00 200
[36] 159 79.50 199
[37] 69 34.50 200
[38] 161 80.50 199
[39] 195 97.50 200
[40] 197 98.50 200
[41] 190 95.00 200
[42] 156 78.00 197
[43] 171 85.50 199
[44] 152 76.00 200
[48] 197 98.50 10992066232504549576
[49] 194 97.00 200
[50] 190 95.00 200
[51] 194 97.00 200
[52] 156 78.00 200
[53] 164 82.00 200
[54] 197 98.50 200
[55] 193 96.50 200

NODE 8 (21.000000 26.000000 0.000000):
--------------------------------------
[1] 193 96.50 200
[2] 198 99.00 200
[3] 198 99.00 200
[4] 172 86.00 199
[5] 190 95.00 200
[6] 197 98.50 200
[7] 197 98.50 200
[9] 168 84.00 200
[10] 168 84.00 200
[11] 167 83.50 200
[16] 84 42.00 200
[17] 136 68.00 200
[18] 193 96.50 200
[19] 175 87.50 200
[20] 193 96.50 200
[21] 161 80.50 200
[22] 194 97.00 200
[23] 185 92.50 200
[24] 189 94.50 200
[25] 192 96.00 200
[26] 58 29.00 192
[27] 165 82.50 200
[32] 1 0.50 1287398170
[33] 195 97.50 200
[34] 194 97.00 200
[35] 172 86.00 200
[36] 167 83.50 199
[37] 167 83.50 200
[38] 169 84.50 200
[39] 196 98.00 200
[40] 197 98.50 200
[41] 148 74.00 200
[42] 167 83.50 199
[43] 50 25.00 164
[44] 129 64.50 200
[48] 134 67.00 18364558878068179144
[49] 192 96.00 200
[50] 197 98.50 200
[51] 194 97.00 200
[52] 179 89.50 200
[53] 165 82.50 199
[54] 199 99.50 200
[55] 196 98.00 200

NODE 10 (37.000000 26.000000 0.000000):
--------------------------------------
[1] 193 96.50 200
[2] 197 98.50 200
[3] 199 99.50 200
[4] 110 55.00 199
[5] 191 95.50 200
[6] 197 98.50 200
[7] 195 97.50 200
[8] 193 96.50 200
[9] 186 93.00 200
[11] 177 88.50 200
[16] 196 98.00 200
[17] 192 96.00 200
[18] 197 98.50 200
[19] 184 92.00 200
[20] 198 99.00 200
[21] 173 86.50 200
[22] 192 96.00 200
[23] 83 41.50 200
[24] 163 81.50 200
[25] 176 88.00 200
[26] 16 8.00 169
[27] 117 58.50 200
[32] 1 0.50 1287398170
[33] 195 97.50 200
[34] 194 97.00 200
[35] 170 85.00 200
[36] 168 84.00 199
[37] 155 77.50 200
[38] 163 81.50 200
[39] 194 97.00 200
[40] 197 98.50 200
[41] 187 93.50 199
[42] 117 58.50 197
[43] 2 1.00 108
[44] 20 10.00 177
[48] 198 99.00 13586139617869955272
[49] 191 95.50 200
[50] 186 93.00 200
[51] 194 97.00 200
[52] 165 82.50 200
[53] 168 84.00 199
[54] 198 99.00 200
[55] 191 95.50 199

NODE 9 (29.000000 26.000000 0.000000):
--------------------------------------
[1] 191 95.50 200
[2] 198 99.00 200
[3] 198 99.00 200
[4] 160 80.00 199
[5] 192 96.00 200
[6] 198 99.00 200
[7] 197 98.50 200
[8] 194 97.00 200
[10] 175 87.50 200
[11] 191 95.50 200
[16] 197 98.50 200
[17] 193 96.50 200
[18] 197 98.50 200
[19] 174 87.00 200
[20] 196 98.00 200
[21] 163 81.50 200
[22] 194 97.00 200
[23] 185 92.50 200
[24] 180 90.00 200
[25] 177 88.50 200
[26] 159 79.50 199
[27] 168 84.00 200
[32] 1 0.50 200
[33] 153 76.50 200
[34] 193 96.50 200
[35] 167 83.50 200
[36] 170 85.00 200
[37] 155 77.50 200
[38] 164 82.00 199
[39] 196 98.00 200
[40] 188 94.00 200
[41] 189 94.50 200
[42] 4 2.00 100
[43] 160 80.00 199
[44] 163 81.50 200
[48] 197 98.50 13266077280582500552
[49] 195 97.50 200
[50] 180 90.00 200
[51] 195 97.50 200
[52] 157 78.50 200
[53] 169 84.50 199
[54] 198 99.00 200
[55] 196 98.00 200

NODE 7 (25.000000 26.000000 0.000000):
--------------------------------------
[1] 194 97.00 200
[2] 196 98.00 200
[3] 197 98.50 200
[4] 164 82.00 199
[5] 189 94.50 200
[6] 197 98.50 200
[8] 196 98.00 200
[9] 184 92.00 200
[10] 176 88.00 200
[11] 147 73.50 200
[16] 196 98.00 200
[17] 191 95.50 200
[18] 197 98.50 200
[19] 181 90.50 200
[20] 197 98.50 200
[21] 171 85.50 200
[22] 196 98.00 200
[23] 185 92.50 200
[24] 168 84.00 200
[25] 170 85.00 200
[26] 171 85.50 199
[27] 178 89.00 200
[32] 1 0.50 1287398170
[33] 148 74.00 200
[34] 193 96.50 200
[35] 169 84.50 200
[36] 165 82.50 199
[37] 162 81.00 200
[38] 165 82.50 200
[39] 123 61.50 189
[40] 196 98.00 200
[41] 187 93.50 200
[42] 147 73.50 200
[43] 53 26.50 199
[44] 160 80.00 200
[48] 26 13.00 4521019190089351368
[49] 192 96.00 200
[50] 196 98.00 200
[51] 195 97.50 200
[52] 168 84.00 200
[53] 173 86.50 199
[54] 198 99.00 200
[55] 194 97.00 200

NODE 5 (33.000000 14.000000 0.000000):
--------------------------------------
[1] 195 97.50 200
[2] 198 99.00 200
[3] 198 99.00 200
[4] 171 85.50 200
[6] 199 99.50 200
[7] 196 98.00 200
[8] 193 96.50 200
[9] 166 83.00 200
[10] 185 92.50 200
[11] 175 87.50 200
[16] 198 99.00 200
[17] 191 95.50 200
[18] 197 98.50 200
[19] 183 91.50 200
[20] 198 99.00 200
[21] 171 85.50 200
[22] 194 97.00 200
[23] 183 91.50 200
[24] 167 83.50 200
[25] 177 88.50 200
[26] 163 81.50 199
[27] 179 89.50 200
[32] 1 0.50 200
[33] 196 98.00 200
[34] 193 96.50 200
[35] 175 87.50 200
[36] 167 83.50 199
[38] 115 57.50 199
[39] 196 98.00 200
[40] 197 98.50 200
[41] 186 93.00 200
[42] 152 76.00 199
[43] 164 82.00 199
[44] 157 78.50 200
[48] 199 99.50 200
[49] 193 96.50 200
[50] 192 96.00 200
[51] 194 97.00 200
[52] 166 83.00 200
[53] 167 83.50 199
[54] 199 99.50 200
[55] 196 98.00 200

NODE 13 (37.000000 22.000000 0.000000):
--------------------------------------
[1] 195 97.50 200
[2] 196 98.00 200
[3] 196 98.00 200
[4] 175 87.50 199
[5] 190 95.00 200
[6] 199 99.50 200
[7] 196 98.00 200
[8] 196 98.00 200
[9] 182 91.00 200
[10] 190 95.00 200
[11] 182 91.00 200
[16] 197 98.50 200
[17] 184 92.00 200
[18] 197 98.50 200
[19] 168 84.00 200
[20] 198 99.00 200
[21] 165 82.50 200
[22] 193 96.50 200
[23] 184 92.00 200
[24] 168 84.00 200
[25] 176 88.00 200
[26] 156 78.00 199
[27] 173 86.50 200
[32] 1 0.50 1287398170
[33] 197 98.50 200
[34] 118 59.00 192
[35] 166 83.00 199
[36] 168 84.00 199
[37] 165 82.50 200
[38] 139 69.50 199
[39] 196 98.00 200
[40] 197 98.50 200
[41] 187 93.50 200
[42] 163 81.50 199
[43] 161 80.50 199
[44] 159 79.50 200
[48] 199 99.50 200
[49] 192 96.00 200
[50] 163 81.50 200
[51] 192 96.00 200
[52] 155 77.50 200
[53] 152 76.00 199
[54] 198 99.00 200
[55] 194 97.00 200

NODE 12 (37.000000 14.000000 0.000000):
--------------------------------------
[1] 193 96.50 200
[2] 196 98.00 200
[3] 197 98.50 200
[4] 175 87.50 199
[5] 192 96.00 200
[6] 197 98.50 200
[7] 196 98.00 200
[8] 193 96.50 200
[9] 174 87.00 200
[10] 172 86.00 200
[11] 175 87.50 200
[16] 198 99.00 200
[17] 166 83.00 200
[18] 194 97.00 200
[19] 177 88.50 200
[20] 195 97.50 200
[21] 165 82.50 200
[22] 193 96.50 200
[23] 180 90.00 200
[24] 176 88.00 200
[25] 176 88.00 200
[26] 161 80.50 199
[27] 180 90.00 200
[32] 1 0.50 2799571213
[33] 197 98.50 200
[34] 193 96.50 200
[35] 176 88.00 200
[36] 166 83.00 199
[37] 166 83.00 200
[38] 170 85.00 199
[39] 2 1.00 112
[40] 197 98.50 200
[41] 189 94.50 200
[42] 169 84.50 200
[43] 163 81.50 199
[44] 163 81.50 200
[48] 196 98.00 13563030082477359304
[49] 194 97.00 200
[50] 173 86.50 199
[51] 193 96.50 200
[52] 143 71.50 200
[53] 166 83.00 199
[54] 197 98.50 200
[55] 195 97.50 200

NODE 11 (29.000000 22.000000 0.000000):
--------------------------------------
[1] 194 97.00 200
[2] 197 98.50 200
[3] 197 98.50 200
[4] 161 80.50 199
[5] 190 95.00 200
[6] 197 98.50 200
[7] 180 90.00 200
[8] 193 96.50 200
[9] 192 96.00 200
[10] 175 87.50 200
[16] 196 98.00 200
[17] 191 95.50 200
[18] 196 98.00 200
[19] 180 90.00 200
[20] 196 98.00 200
[21] 164 82.00 200
[22] 193 96.50 200
[23] 187 93.50 200
[24] 166 83.00 200
[25] 174 87.00 200
[26] 156 78.00 199
[27] 167 83.50 200
[32] 1 0.50 200
[33] 195 97.50 200
[34] 193 96.50 200
[35] 167 83.50 200
[36] 164 82.00 199
[37] 149 74.50 200
[38] 158 79.00 199
[39] 196 98.00 200
[40] 196 98.00 200
[41] 190 95.00 200
[42] 157 78.50 199
[43] 164 82.00 199
[44] 161 80.50 200
[48] 195 97.50 12288699404419858632
[49] 195 97.50 200
[50] 177 88.50 200
[51] 194 97.00 200
[52] 153 76.50 200
[53] 159 79.50 199
[54] 197 98.50 200
[55] 187 93.50 200

NODE 17 (25.000000 2.000000 0.000000):
--------------------------------------
[1] 174 87.00 200
[2] 157 78.50 200
[3] 115 57.50 200
[4] 185 92.50 199
[5] 76 38.00 196
[6] 40 20.00 196
[7] 66 33.00 200
[8] 14 7.00 189
[9] 1 0.50 130
[16] 169 84.50 200
[18] 187 93.50 200
[19] 182 91.00 199
[20] 197 98.50 200
[21] 191 95.50 200
[22] 152 76.00 200
[23] 34 17.00 195
[24] 18 9.00 195
[25] 2 1.00 118
[26] 154 77.00 199
[32] 1 0.50 16285567
[33] 148 74.00 200
[34] 8 4.00 195
[35] 98 49.00 200
[36] 148 74.00 199
[37] 53 26.50 197
[38] 43 21.50 193
[39] 5 2.50 43
[40] 17 8.50 200
[42] 87 43.50 200
[43] 78 39.00 199
[48] 191 95.50 200
[49] 142 71.00 199
[50] 157 78.50 200
[51] 99 49.50 199
[52] 102 51.00 200
[53] 65 32.50 198
[54] 44 22.00 195
[55] 40 20.00 198

NODE 16 (33.000000 26.000000 0.000000):
--------------------------------------
[1] 193 96.50 200
[2] 194 97.00 200
[3] 198 99.00 200
[4] 163 81.50 199
[5] 192 96.00 200
[6] 197 98.50 200
[7] 195 97.50 200
[8] 153 76.50 200
[9] 176 88.00 200
[10] 186 93.00 200
[11] 178 89.00 200
[17] 192 96.00 200
[18] 196 98.00 200
[19] 174 87.00 200
[20] 197 98.50 200
[21] 162 81.00 200
[22] 195 97.50 200
[23] 179 89.50 200
[24] 175 87.50 200
[25] 155 77.50 200
[26] 175 87.50 199
[27] 166 83.00 200
[32] 1 0.50 200
[33] 196 98.00 200
[34] 192 96.00 200
[35] 154 77.00 200
[36] 160 80.00 199
[37] 157 78.50 200
[38] 157 78.50 199
[39] 195 97.50 200
[40] 197 98.50 200
[41] 189 94.50 200
[42] 165 82.50 200
[43] 159 79.50 199
[48] 198 99.00 13547675402595467464
[49] 193 96.50 200
[50] 190 95.00 200
[51] 195 97.50 200
[52] 156 78.00 200
[53] 162 81.00 199
[54] 197 98.50 200
[55] 193 96.50 200

NODE 18 (25.000000 18.000000 0.000000):
--------------------------------------
[1] 193 96.50 200
[2] 197 98.50 200
[3] 198 99.00 200
[4] 163 81.50 199
[5] 193 96.50 200
[6] 195 97.50 200
[7] 195 97.50 200
[8] 195 97.50 200
[9] 170 85.00 200
[10] 168 84.00 200
[11] 175 87.50 200
[16] 195 97.50 200
[17] 192 96.00 200
[19] 186 93.00 200
[20] 196 98.00 200
[21] 189 94.50 200
[22] 196 98.00 200
[23] 188 94.00 200
[24] 173 86.50 200
[25] 166 83.00 200
[26] 160 80.00 199
[27] 168 84.00 200
[32] 1 0.50 200
[33] 197 98.50 200
[34] 182 91.00 200
[35] 173 86.50 200
[36] 168 84.00 200
[37] 150 75.00 200
[38] 163 81.50 199
[39] 197 98.50 200
[40] 196 98.00 200
[41] 189 94.50 200
[42] 164 82.00 199
[43] 161 80.50 199
[44] 158 79.00 200
[48] 198 99.00 13547408221269917896
[49] 176 88.00 200
[50] 196 98.00 200
[51] 193 96.50 200
[52] 153 76.50 200
[53] 173 86.50 199
[54] 199 99.50 200
[55] 195 97.50 200

NODE 15 (17.000000 10.000000 0.000000):
--------------------------------------
[1] 193 96.50 200
[2] 197 98.50 200
[3] 197 98.50 200
[4] 160 80.00 199
[5] 192 96.00 200
[6] 197 98.50 200
[7] 183 91.50 200
[8] 192 96.00 200
[9] 159 79.50 200
[10] 169 84.50 200
[11] 165 82.50 200
[16] 198 99.00 200
[17] 192 96.00 200
[18] 196 98.00 200
[19] 20 10.00 156
[20] 197 98.50 200
[21] 177 88.50 200
[22] 194 97.00 200
[23] 186 93.00 200
[24] 172 86.00 200
[25] 168 84.00 200
[26] 171 85.50 199
[27] 176 88.00 200
[32] 1 0.50 200
[33] 196 98.00 200
[34] 193 96.50 200
[35] 168 84.00 200
[36] 176 88.00 199
[37] 89 44.50 178
[38] 165 82.50 200
[39] 195 97.50 200
[40] 148 74.00 200
[41] 191 95.50 200
[42] 169 84.50 199
[43] 170 85.00 199
[44] 164 82.00 200
[48] 199 99.50 200
[49] 194 97.00 200
[50] 197 98.50 200
[51] 195 97.50 200
[52] 160 80.00 200
[53] 174 87.00 199
[54] 199 99.50 200
[55] 192 96.00 200

NODE 14 (37.000000 18.000000 0.000000):
--------------------------------------
[1] 192 96.00 200
[2] 198 99.00 200
[3] 198 99.00 200
[4] 162 81.00 199
[5] 192 96.00 200
[6] 195 97.50 200
[7] 196 98.00 200
[8] 196 98.00 200
[9] 178 89.00 200
[10] 189 94.50 200
[11] 169 84.50 200
[16] 198 99.00 200
[17] 184 92.00 200
[18] 196 98.00 200
[19] 171 85.50 200
[20] 196 98.00 200
[21] 164 82.00 200
[22] 194 97.00 200
[23] 186 93.00 200
[24] 176 88.00 200
[25] 176 88.00 200
[26] 167 83.50 199
[27] 141 70.50 200
[32] 1 0.50 200
[33] 196 98.00 200
[34] 193 96.50 200
[35] 169 84.50 200
[36] 161 80.50 199
[37] 151 75.50 200
[38] 166 83.00 200
[39] 196 98.00 200
[40] 197 98.50 200
[41] 190 95.00 200
[42] 161 80.50 199
[43] 159 79.50 199
[44] 160 80.00 200
[48] 199 99.50 200
[49] 194 97.00 200
[50] 183 91.50 200
[51] 194 97.00 200
[52] 168 84.00 200
[53] 170 85.00 199
[54] 197 98.50 200
[55] 191 95.50 200

NODE 20 (25.000000 6.000000 0.000000):
--------------------------------------
[1] 193 96.50 200
[2] 189 94.50 200
[3] 138 69.00 200
[4] 185 92.50 200
[5] 182 91.00 200
[6] 184 92.00 200
[7] 175 87.50 200
[8] 29 14.50 200
[9] 164 82.00 200
[10] 64 32.00 198
[11] 169 84.50 200
[16] 193 96.50 200
[17] 191 95.50 200
[18] 196 98.00 200
[19] 191 95.50 200
[21] 195 97.50 200
[22] 193 96.50 200
[23] 188 94.00 200
[24] 177 88.50 200
[25] 24 12.00 199
[26] 170 85.00 199
[27] 175 87.50 200
[32] 1 0.50 49426755
[33] 189 94.50 200
[34] 149 74.50 199
[35] 133 66.50 200
[36] 176 88.00 199
[37] 109 54.50 200
[38] 167 83.50 199
[39] 53 26.50 199
[40] 170 85.00 200
[42] 178 89.00 199
[43] 51 25.50 194
[44] 170 85.00 200
[48] 199 99.50 200
[49] 192 96.00 200
[50] 198 99.00 200
[51] 185 92.50 200
[52] 102 51.00 200
[53] 59 29.50 198
[54] 175 87.50 200
[55] 174 87.00 200

NODE 23 (21.000000 14.000000 0.000000):
--------------------------------------
[1] 190 95.00 200
[2] 198 99.00 200
[3] 147 73.50 200
[4] 168 84.00 199
[5] 191 95.50 200
[6] 112 56.00 200
[7] 195 97.50 200
[8] 191 95.50 200
[9] 162 81.00 200
[10] 145 72.50 186
[11] 167 83.50 200
[16] 195 97.50 200
[17] 191 95.50 200
[18] 195 97.50 200
[19] 188 94.00 200
[20] 197 98.50 200
[21] 54 27.00 200
[22] 21 10.50 169
[24] 173 86.50 200
[25] 166 83.00 200
[26] 175 87.50 199
[27] 179 89.50 200
[32] 1 0.50 200
[33] 164 82.00 199
[34] 192 96.00 200
[35] 171 85.50 200
[36] 165 82.50 199
[37] 148 74.00 200
[38] 165 82.50 199
[40] 196 98.00 200
[41] 188 94.00 200
[42] 179 89.50 200
[43] 166 83.00 199
[44] 166 83.00 200
[48] 197 98.50 13258934853048467656
[49] 194 97.00 200
[50] 196 98.00 200
[51] 195 97.50 200
[52] 10 5.00 198
[53] 171 85.50 199
[54] 199 99.50 200
[55] 193 96.50 200

NODE 22 (25.000000 22.000000 0.000000):
--------------------------------------
[1] 194 97.00 200
[2] 198 99.00 200
[3] 198 99.00 200
[4] 172 86.00 200
[5] 194 97.00 200
[6] 196 98.00 200
[7] 197 98.50 200
[8] 196 98.00 200
[9] 168 84.00 200
[10] 163 81.50 200
[11] 176 88.00 200
[16] 197 98.50 200
[17] 192 96.00 200
[18] 195 97.50 200
[19] 185 92.50 200
[20] 197 98.50 200
[21] 187 93.50 200
[23] 26 13.00 194
[24] 178 89.00 200
[25] 184 92.00 200
[26] 142 71.00 199
[27] 167 83.50 200
[32] 1 0.50 1287398170
[33] 196 98.00 200
[34] 191 95.50 200
[35] 168 84.00 200
[36] 55 27.50 193
[37] 144 72.00 200
[38] 165 82.50 199
[39] 196 98.00 200
[40] 198 99.00 200
[41] 181 90.50 200
[42] 103 51.50 197
[43] 166 83.00 199
[44] 160 80.00 200
[48] 197 98.50 13295569480974336200
[49] 193 96.50 200
[50] 193 96.50 200
[51] 194 97.00 200
[52] 162 81.00 200
[53] 170 85.00 199
[54] 198 99.00 200
[55] 193 96.50 200

NODE 25 (21.000000 22.000000 0.000000):
--------------------------------------
[1] 194 97.00 200
[2] 197 98.50 200
[3] 196 98.00 200
[4] 163 81.50 200
[5] 193 96.50 200
[6] 197 98.50 200
[7] 197 98.50 200
[8] 195 97.50 200
[9] 168 84.00 200
[10] 169 84.50 200
[11] 167 83.50 200
[16] 197 98.50 200
[17] 186 93.00 200
[18] 190 95.00 200
[19] 180 90.00 200
[20] 175 87.50 200
[21] 157 78.50 200
[22] 193 96.50 200
[23] 186 93.00 200
[24] 195 97.50 200
[26] 166 83.00 199
[27] 180 90.00 200
[32] 1 0.50 200
[33] 185 92.50 200
[34] 32 16.00 53
[35] 165 82.50 200
[36] 97 48.50 199
[37] 174 87.00 200
[38] 163 81.50 199
[39] 196 98.00 200
[40] 199 99.50 200
[41] 190 95.00 200
[42] 167 83.50 200
[43] 162 81.00 199
[44] 159 79.50 200
[48] 197 98.50 12698333456464085192
[49] 192 96.00 200
[50] 195 97.50 200
[51] 195 97.50 200
[52] 163 81.50 200
[53] 172 86.00 199
[54] 199 99.50 200
[55] 191 95.50 200

NODE 24 (21.000000 18.000000 0.000000):
--------------------------------------
[1] 194 97.00 200
[2] 198 99.00 200
[3] 196 98.00 200
[4] 165 82.50 199
[5] 190 95.00 200
[6] 197 98.50 200
[7] 191 95.50 200
[8] 196 98.00 200
[9] 168 84.00 200
[10] 156 78.00 200
[11] 160 80.00 200
[16] 195 97.50 200
[17] 103 51.50 200
[18] 197 98.50 200
[19] 180 90.00 200
[20] 195 97.50 200
[21] 174 87.00 200
[22] 194 97.00 200
[23] 189 94.50 200
[25] 190 95.00 200
[26] 157 78.50 199
[27] 184 92.00 200
[32] 1 0.50 1287398174
[33] 195 97.50 200
[34] 191 95.50 199
[35] 167 83.50 200
[36] 173 86.50 199
[37] 149 74.50 200
[38] 160 80.00 199
[39] 195 97.50 200
[40] 197 98.50 200
[41] 188 94.00 200
[42] 103 51.50 199
[43] 167 83.50 199
[44] 159 79.50 200
[48] 199 99.50 200
[49] 194 97.00 200
[50] 196 98.00 200
[51] 194 97.00 200
[52] 157 78.50 200
[53] 170 85.00 199
[54] 198 99.00 200
[55] 193 96.50 200

NODE 21 (25.000000 10.000000 0.000000):
--------------------------------------
[1] 191 95.50 200
[2] 195 97.50 200
[3] 198 99.00 200
[4] 181 90.50 199
[5] 191 95.50 200
[6] 196 98.00 200
[7] 193 96.50 200
[8] 190 95.00 200
[9] 136 68.00 200
[10] 76 38.00 200
[11] 162 81.00 200
[16] 198 99.00 200
[17] 194 97.00 200
[18] 197 98.50 200
[19] 191 95.50 200
[20] 196 98.00 200
[22] 194 97.00 200
[23] 105 52.50 151
[24] 180 90.00 200
[25] 167 83.50 200
[26] 109 54.50 199
[27] 179 89.50 200
[32] 1 0.50 1706828570
[33] 148 74.00 182
[34] 182 91.00 200
[35] 163 81.50 200
[36] 167 83.50 199
[37] 151 75.50 200
[38] 169 84.50 199
[39] 197 98.50 200
[40] 197 98.50 200
[41] 190 95.00 200
[42] 174 87.00 200
[43] 173 86.50 200
[44] 158 79.00 200
[48] 199 99.50 200
[49] 194 97.00 200
[50] 196 98.00 200
[51] 195 97.50 200
[52] 164 82.00 200
[53] 167 83.50 199
[54] 197 98.50 200
[55] 192 96.00 200

NODE 28 (21.000000 6.000000 0.000000):
--------------------------------------
[1] 192 96.00 200
[2] 197 98.50 200
[3] 198 99.00 200
[4] 170 85.00 199
[5] 184 92.00 200
[6] 196 98.00 200
[7] 195 97.50 200
[8] 193 96.50 200
[9] 148 74.00 200
[10] 172 86.00 200
[11] 164 82.00 200
[16] 196 98.00 200
[17] 194 97.00 200
[18] 197 98.50 200
[19] 166 83.00 200
[20] 198 99.00 200
[21] 188 94.00 200
[22] 192 96.00 200
[23] 185 92.50 200
[24] 178 89.00 200
[25] 181 90.50 200
[26] 179 89.50 200
[27] 188 94.00 200
[32] 1 0.50 1287398170
[33] 195 97.50 200
[34] 194 97.00 200
[35] 168 84.00 200
[36] 177 88.50 199
[37] 141 70.50 200
[38] 171 85.50 199
[39] 199 99.50 200
[40] 197 98.50 200
[41] 190 95.00 200
[42] 176 88.00 200
[43] 160 80.00 199
[44] 162 81.00 200
[48] 198 99.00 13552186698804232392
[49] 194 97.00 200
[50] 196 98.00 200
[51] 195 97.50 200
[52] 155 77.50 200
[53] 172 86.00 200
[54] 198 99.00 200
[55] 77 38.50 199

NODE 27 (21.000000 10.000000 0.000000):
--------------------------------------
[1] 190 95.00 200
[2] 198 99.00 200
[3] 196 98.00 200
[4] 167 83.50 199
[5] 192 96.00 200
[6] 194 97.00 200
[7] 194 97.00 200
[8] 192 96.00 200
[9] 153 76.50 200
[10] 166 83.00 200
[11] 161 80.50 200
[16] 194 97.00 200
[17] 193 96.50 200
[18] 193 96.50 200
[19] 188 94.00 200
[20] 197 98.50 200
[21] 183 91.50 200
[22] 194 97.00 200
[23] 193 96.50 200
[24] 186 93.00 200
[25] 180 90.00 200
[26] 182 91.00 199
[32] 1 0.50 603914944
[33] 183 91.50 200
[34] 178 89.00 200
[35] 129 64.50 199
[36] 119 59.50 199
[37] 152 76.00 200
[38] 174 87.00 200
[39] 196 98.00 200
[40] 198 99.00 200
[41] 190 95.00 200
[42] 170 85.00 200
[43] 168 84.00 200
[44] 172 86.00 200
[48] 198 99.00 13585533786963050696
[49] 193 96.50 200
[50] 196 98.00 200
[51] 173 86.50 200
[52] 147 73.50 200
[53] 172 86.00 199
[54] 197 98.50 200
[55] 191 95.50 200

NODE 31 (13.000000 22.000000 0.000000):
--------------------------------------
[1] 193 96.50 200
[2] 196 98.00 200
[3] 198 99.00 200
[4] 165 82.50 199
[5] 151 75.50 200
[6] 196 98.00 200
[7] 193 96.50 200
[8] 194 97.00 200
[9] 154 77.00 200
[10] 161 80.50 200
[11] 163 81.50 200
[16] 197 98.50 200
[17] 191 95.50 200
[18] 197 98.50 200
[19] 179 89.50 200
[20] 90 45.00 200
[21] 159 79.50 200
[22] 194 97.00 200
[23] 187 93.50 200
[24] 183 91.50 200
[25] 149 74.50 200
[26] 164 82.00 199
[27] 178 89.00 200
[32] 1 0.50 200
[33] 197 98.50 200
[34] 192 96.00 200
[35] 173 86.50 200
[36] 180 90.00 200
[37] 115 57.50 199
[38] 169 84.50 200
[39] 197 98.50 200
[40] 196 98.00 200
[41] 193 96.50 200
[42] 174 87.00 199
[43] 165 82.50 199
[44] 161 80.50 200
[48] 198 99.00 13585533786963050696
[49] 194 97.00 200
[50] 193 96.50 200
[51] 193 96.50 200
[52] 181 90.50 200
[53] 160 80.00 199
[54] 199 99.50 200
[55] 194 97.00 200

NODE 30 (17.000000 6.000000 0.000000):
--------------------------------------
[1] 194 97.00 200
[2] 198 99.00 200
[3] 195 97.50 200
[4] 163 81.50 199
[5] 191 95.50 200
[6] 197 98.50 200
[7] 194 97.00 200
[8] 192 96.00 200
[9] 147 73.50 200
[10] 166 83.00 200
[11] 167 83.50 200
[0] 1 0.50 0
[16] 197 98.50 200
[17] 193 96.50 200
[18] 197 98.50 200
[19] 164 82.00 200
[20] 196 98.00 200
[21] 181 90.50 200
[22] 193 96.50 200
[23] 186 93.00 200
[24] 105 52.50 192
[25] 176 88.00 200
[26] 180 90.00 200
[27] 185 92.50 200
[32] 1 0.50 200
[33] 197 98.50 200
[34] 178 89.00 200
[35] 172 86.00 200
[36] 169 84.50 199
[37] 157 78.50 200
[38] 173 86.50 199
[39] 197 98.50 200
[40] 196 98.00 200
[41] 166 83.00 200
[42] 169 84.50 199
[43] 180 90.00 200
[44] 176 88.00 200
[48] 199 99.50 200
[49] 193 96.50 200
[50] 197 98.50 200
[51] 194 97.00 200
[52] 149 74.50 200
[53] 186 93.00 200
[54] 199 99.50 200
[55] 193 96.50 200

NODE 29 (17.000000 2.000000 0.000000):
--------------------------------------
[1] 193 96.50 200
[2] 196 98.00 200
[3] 197 98.50 200
[4] 180 90.00 199
[5] 187 93.50 200
[6] 195 97.50 200
[7] 193 96.50 200
[8] 83 41.50 200
[9] 159 79.50 200
[10] 166 83.00 200
[11] 158 79.00 200
[16] 197 98.50 200
[17] 192 96.00 200
[18] 197 98.50 200
[19] 180 90.00 200
[20] 195 97.50 200
[21] 164 82.00 200
[22] 193 96.50 200
[23] 183 91.50 200
[24] 166 83.00 200
[25] 180 90.00 200
[26] 181 90.50 199
[27] 178 89.00 200
[32] 1 0.50 9223372036858152646
[33] 197 98.50 200
[34] 192 96.00 200
[35] 172 86.00 200
[36] 185 92.50 200
[37] 36 18.00 194
[38] 185 92.50 199
[39] 198 99.00 200
[40] 195 97.50 200
[41] 189 94.50 200
[42] 181 90.50 200
[43] 187 93.50 200
[44] 165 82.50 200
[48] 199 99.50 200
[49] 194 97.00 200
[50] 198 99.00 200
[51] 195 97.50 200
[52] 108 54.00 200
[53] 183 91.50 200
[54] 199 99.50 200
[55] 183 91.50 200

NODE 26 (21.000000 2.000000 0.000000):
--------------------------------------
[1] 194 97.00 200
[2] 198 99.00 200
[3] 198 99.00 200
[4] 184 92.00 200
[5] 189 94.50 200
[6] 194 97.00 200
[7] 191 95.50 200
[8] 189 94.50 200
[9] 165 82.50 200
[10] 2 1.00 181
[11] 131 65.50 199
[16] 197 98.50 200
[17] 193 96.50 200
[18] 195 97.50 200
[19] 186 93.00 200
[20] 197 98.50 200
[21] 173 86.50 200
[22] 106 53.00 178
[23] 191 95.50 200
[24] 162 81.00 200
[25] 178 89.00 200
[27] 192 96.00 200
[32] 1 0.50 1287398170
[33] 195 97.50 200
[34] 188 94.00 200
[35] 167 83.50 200
[36] 177 88.50 199
[37] 158 79.00 200
[38] 169 84.50 199
[39] 1 0.50 141
[40] 197 98.50 200
[41] 188 94.00 200
[42] 182 91.00 200
[43] 177 88.50 199
[44] 172 86.00 200
[48] 198 99.00 13269920073721577672
[49] 39 19.50 187
[50] 191 95.50 200
[51] 195 97.50 200
[52] 159 79.50 200
[53] 170 85.00 199
[54] 199 99.50 200
[55] 192 96.00 200

NODE 34 (5.000000 26.000000 0.000000):
--------------------------------------
[1] 191 95.50 200
[2] 113 56.50 198
[3] 198 99.00 200
[4] 162 81.00 199
[5] 172 86.00 200
[6] 197 98.50 200
[7] 193 96.50 200
[8] 195 97.50 200
[9] 159 79.50 200
[10] 166 83.00 200
[11] 168 84.00 200
[16] 197 98.50 200
[17] 14 7.00 77
[18] 196 98.00 200
[19] 171 85.50 200
[20] 66 33.00 172
[21] 133 66.50 188
[22] 194 97.00 200
[23] 193 96.50 200
[24] 180 90.00 200
[25] 139 69.50 200
[26] 137 68.50 199
[27] 17 8.50 147
[32] 1 0.50 1287398170
[33] 198 99.00 200
[35] 197 98.50 200
[36] 183 91.50 200
[37] 170 85.00 200
[38] 166 83.00 200
[39] 198 99.00 200
[40] 195 97.50 200
[41] 42 21.00 196
[42] 181 90.50 199
[43] 184 92.00 199
[44] 155 77.50 200
[48] 197 98.50 13597398616938381512
[49] 194 97.00 200
[50] 197 98.50 200
[51] 193 96.50 200
[52] 184 92.00 200
[53] 80 40.00 199
[54] 172 86.00 200
[55] 194 97.00 200

NODE 33 (5.000000 18.000000 0.000000):
--------------------------------------
[2] 198 99.00 200
[3] 196 98.00 200
[4] 164 82.00 199
[5] 23 11.50 200
[6] 196 98.00 199
[7] 79 39.50 199
[8] 116 58.00 200
[9] 132 66.00 200
[10] 120 60.00 200
[11] 162 81.00 200
[16] 118 59.00 198
[17] 193 96.50 200
[18] 197 98.50 200
[19] 155 77.50 199
[20] 197 98.50 200
[21] 138 69.00 194
[22] 194 97.00 200
[23] 140 70.00 200
[24] 179 89.50 200
[25] 156 78.00 193
[26] 165 82.50 199
[27] 91 45.50 200
[32] 1 0.50 1287398170
[34] 195 97.50 200
[35] 195 97.50 200
[36] 192 96.00 200
[37] 188 94.00 200
[38] 179 89.50 200
[39] 197 98.50 200
[40] 197 98.50 200
[41] 188 94.00 200
[42] 187 93.50 199
[43] 176 88.00 199
[44] 171 85.50 200
[48] 198 99.00 13311655336088699080
[49] 194 97.00 200
[50] 197 98.50 200
[51] 195 97.50 200
[52] 180 90.00 200
[53] 174 87.00 199
[54] 184 92.00 198
[55] 195 97.50 200

NODE 37 (5.000000 14.000000 0.000000):
--------------------------------------
[1] 190 95.00 200
[2] 198 99.00 200
[3] 196 98.00 200
[4] 165 82.50 199
[5] 10 5.00 76
[6] 196 98.00 200
[7] 192 96.00 200
[8] 192 96.00 200
[9] 152 76.00 200
[10] 162 81.00 200
[11] 158 79.00 200
[16] 196 98.00 200
[17] 181 90.50 200
[18] 192 96.00 200
[19] 174 87.00 200
[20] 194 97.00 200
[21] 170 85.00 200
[22] 193 96.50 200
[23] 180 90.00 200
[24] 159 79.50 200
[25] 182 91.00 200
[26] 172 86.00 199
[27] 140 70.00 200
[32] 1 0.50 1287415578
[33] 195 97.50 200
[34] 195 97.50 200
[35] 181 90.50 200
[36] 195 97.50 200
[38] 180 90.00 200
[39] 196 98.00 200
[40] 195 97.50 200
[41] 191 95.50 200
[42] 191 95.50 199
[43] 181 90.50 200
[44] 184 92.00 200
[48] 199 99.50 200
[49] 194 97.00 200
[50] 179 89.50 200
[51] 195 97.50 200
[52] 157 78.50 200
[53] 163 81.50 199
[54] 198 99.00 200
[55] 194 97.00 200

NODE 36 (5.000000 10.000000 0.000000):
--------------------------------------
[1] 165 82.50 199
[2] 118 59.00 200
[3] 58 29.00 199
[4] 165 82.50 199
[5] 22 11.00 200
[6] 197 98.50 200
[7] 192 96.00 200
[8] 191 95.50 200
[9] 164 82.00 200
[10] 165 82.50 200
[11] 161 80.50 200
[16] 100 50.00 200
[17] 194 97.00 200
[18] 196 98.00 200
[19] 177 88.50 200
[20] 197 98.50 200
[21] 164 82.00 200
[22] 154 77.00 199
[23] 184 92.00 200
[24] 179 89.50 200
[25] 155 77.50 193
[26] 172 86.00 199
[27] 164 82.00 200
[32] 1 0.50 1287398174
[33] 196 98.00 200
[34] 193 96.50 200
[35] 182 91.00 200
[37] 188 94.00 200
[38] 173 86.50 200
[39] 194 97.00 200
[40] 35 17.50 199
[41] 189 94.50 200
[42] 189 94.50 199
[43] 179 89.50 199
[44] 177 88.50 200
[48] 199 99.50 200
[49] 193 96.50 200
[50] 196 98.00 200
[51] 194 97.00 200
[52] 164 82.00 200
[53] 170 85.00 200
[54] 168 84.00 200
[55] 189 94.50 200

NODE 39 (9.000000 14.000000 0.000000):
--------------------------------------
[1] 190 95.00 200
[2] 197 98.50 200
[3] 194 97.00 200
[4] 173 86.50 199
[5] 188 94.00 200
[6] 198 99.00 200
[7] 191 95.50 200
[8] 194 97.00 200
[9] 155 77.50 200
[10] 167 83.50 200
[11] 159 79.50 200
[16] 167 83.50 200
[17] 168 84.00 200
[18] 196 98.00 200
[19] 174 87.00 200
[20] 195 97.50 200
[21] 172 86.00 200
[22] 56 28.00 200
[23] 177 88.50 200
[24] 173 86.50 200
[25] 169 84.50 200
[26] 13 6.50 146
[27] 168 84.00 200
[32] 1 0.50 200
[33] 197 98.50 200
[34] 194 97.00 200
[35] 175 87.50 200
[36] 171 85.50 199
[37] 177 88.50 200
[38] 178 89.00 200
[40] 196 98.00 200
[41] 187 93.50 200
[42] 176 88.00 199
[43] 179 89.50 199
[44] 163 81.50 200
[48] 197 98.50 13264027790908326088
[49] 195 97.50 200
[50] 194 97.00 200
[51] 195 97.50 200
[52] 188 94.00 200
[53] 161 80.50 199
[54] 197 98.50 200
[55] 194 97.00 200

NODE 38 (9.000000 6.000000 0.000000):
--------------------------------------
[1] 191 95.50 200
[2] 125 62.50 200
[3] 196 98.00 200
[4] 169 84.50 199
[5] 142 71.00 200
[6] 196 98.00 200
[7] 191 95.50 200
[8] 190 95.00 200
[9] 145 72.50 200
[10] 65 32.50 198
[11] 157 78.50 200
[16] 179 89.50 199
[17] 156 78.00 200
[18] 193 96.50 200
[19] 17 8.50 200
[20] 195 97.50 200
[21] 170 85.00 200
[22] 192 96.00 200
[23] 181 90.50 200
[24] 161 80.50 200
[25] 166 83.00 200
[26] 154 77.00 199
[27] 168 84.00 200
[32] 1 0.50 1287398238
[33] 196 98.00 200
[34] 192 96.00 200
[35] 172 86.00 200
[36] 173 86.50 199
[37] 172 86.00 200
[39] 199 99.50 200
[40] 196 98.00 200
[41] 191 95.50 200
[42] 181 90.50 200
[43] 185 92.50 200
[44] 169 84.50 200
[48] 195 97.50 13310996728623661256
[49] 194 97.00 200
[50] 196 98.00 200
[51] 195 97.50 200
[52] 164 82.00 200
[53] 164 82.00 199
[54] 197 98.50 200
[55] 193 96.50 200

NODE 35 (5.000000 22.000000 0.000000):
--------------------------------------
[1] 192 96.00 200
[2] 197 98.50 200
[3] 197 98.50 200
[4] 159 79.50 199
[5] 190 95.00 200
[6] 195 97.50 200
[7] 191 95.50 200
[8] 194 97.00 200
[9] 160 80.00 200
[10] 162 81.00 200
[11] 161 80.50 200
[16] 195 97.50 200
[17] 188 94.00 200
[18] 196 98.00 200
[19] 171 85.50 200
[20] 154 77.00 200
[21] 157 78.50 200
[22] 192 96.00 200
[23] 188 94.00 200
[24] 165 82.50 200
[25] 139 69.50 200
[26] 155 77.50 199
[27] 130 65.00 200
[32] 2 1.00 1287398238
[33] 196 98.00 200
[34] 194 97.00 200
[36] 185 92.50 200
[37] 175 87.50 200
[38] 169 84.50 200
[39] 193 96.50 200
[40] 194 97.00 200
[41] 192 96.00 200
[42] 182 91.00 199
[43] 172 86.00 199
[44] 176 88.00 200
[48] 199 99.50 200
[49] 194 97.00 200
[50] 196 98.00 200
[51] 194 97.00 200
[52] 179 89.50 200
[53] 169 84.50 199
[54] 197 98.50 200
[55] 196 98.00 200

NODE 32 (17.000000 22.000000 0.000000):
--------------------------------------
[1] 193 96.50 200
[2] 197 98.50 200
[3] 197 98.50 200
[4] 136 68.00 199
[5] 190 95.00 200
[6] 197 98.50 200
[7] 194 97.00 200
[8] 193 96.50 200
[9] 165 82.50 200
[10] 168 84.00 200
[11] 155 77.50 200
[16] 179 89.50 200
[17] 193 96.50 200
[18] 197 98.50 200
[19] 178 89.00 200
[20] 197 98.50 200
[21] 165 82.50 200
[22] 193 96.50 200
[23] 186 93.00 200
[24] 170 85.00 200
[25] 184 92.00 200
[26] 176 88.00 199
[27] 161 80.50 200
[33] 197 98.50 200
[34] 191 95.50 200
[35] 170 85.00 200
[36] 169 84.50 200
[37] 155 77.50 200
[38] 172 86.00 200
[39] 197 98.50 200
[40] 195 97.50 200
[41] 189 94.50 200
[42] 175 87.50 199
[43] 144 72.00 199
[44] 164 82.00 200
[48] 199 99.50 200
[49] 194 97.00 200
[50] 198 99.00 200
[51] 195 97.50 200
[52] 165 82.50 200
[53] 182 91.00 199
[54] 197 98.50 200
[55] 196 98.00 200

NODE 19 (25.000000 14.000000 0.000000):
--------------------------------------
[1] 194 97.00 200
[2] 198 99.00 200
[3] 196 98.00 200
[4] 176 88.00 200
[5] 191 95.50 199
[6] 196 98.00 200
[7] 196 98.00 200
[8] 195 97.50 200
[9] 158 79.00 200
[10] 165 82.50 200
[11] 171 85.50 200
[16] 197 98.50 200
[17] 192 96.00 200
[18] 195 97.50 200
[20] 198 99.00 200
[21] 189 94.50 200
[22] 192 96.00 200
[23] 186 93.00 200
[24] 177 88.50 200
[25] 169 84.50 200
[26] 166 83.00 199
[27] 182 91.00 200
[32] 1 0.50 1287398170
[33] 197 98.50 200
[34] 192 96.00 200
[35] 175 87.50 200
[36] 168 84.00 200
[37] 156 78.00 200
[38] 159 79.50 199
[39] 195 97.50 200
[40] 195 97.50 200
[41] 190 95.00 200
[42] 169 84.50 200
[43] 161 80.50 199
[44] 154 77.00 200
[48] 198 99.00 13302156655136342216
[49] 194 97.00 200
[50] 196 98.00 200
[51] 195 97.50 200
[52] 160 80.00 200
[53] 171 85.50 200
[54] 199 99.50 200
[55] 194 97.00 200

NODE 42 (5.000000 6.000000 0.000000):
--------------------------------------
[1] 1 0.50 151
[2] 168 84.00 200
[3] 196 98.00 200
[4] 58 29.00 196
[5] 149 74.50 200
[6] 186 93.00 200
[7] 19 9.50 197
[8] 191 95.50 200
[9] 22 11.00 161
[10] 23 11.50 198
[11] 2 1.00 200
[16] 197 98.50 200
[17] 195 97.50 200
[18] 197 98.50 200
[19] 176 88.00 200
[20] 195 97.50 200
[21] 179 89.50 200
[22] 173 86.50 200
[23] 187 93.50 200
[24] 129 64.50 200
[25] 125 62.50 200
[26] 169 84.50 199
[27] 174 87.00 200
[32] 1 0.50 1287398170
[33] 196 98.00 200
[34] 192 96.00 200
[35] 181 90.50 200
[36] 190 95.00 200
[37] 178 89.00 200
[38] 182 91.00 200
[39] 196 98.00 200
[40] 196 98.00 200
[41] 190 95.00 200
[43] 186 93.00 200
[44] 191 95.50 200
[48] 196 98.00 13596851060147749064
[49] 116 58.00 199
[50] 195 97.50 200
[51] 193 96.50 200
[52] 168 84.00 200
[53] 168 84.00 199
[54] 198 99.00 200
[55] 188 94.00 200

NODE 41 (13.000000 10.000000 0.000000):
--------------------------------------
[1] 159 79.50 200
[2] 195 97.50 200
[3] 197 98.50 200
[4] 157 78.50 199
[5] 189 94.50 200
[6] 198 99.00 200
[7] 97 48.50 161
[8] 191 95.50 200
[9] 158 79.00 200
[10] 20 10.00 198
[11] 166 83.00 200
[16] 198 99.00 200
[17] 149 74.50 200
[18] 196 98.00 200
[19] 180 90.00 200
[20] 188 94.00 200
[21] 177 88.50 200
[22] 194 97.00 200
[23] 118 59.00 200
[24] 168 84.00 200
[25] 171 85.50 200
[26] 169 84.50 199
[27] 169 84.50 200
[32] 1 0.50 1287398234
[33] 198 99.00 200
[34] 16 8.00 198
[35] 176 88.00 200
[36] 178 89.00 199
[37] 176 88.00 200
[38] 184 92.00 200
[39] 196 98.00 200
[40] 196 98.00 200
[42] 184 92.00 200
[43] 179 89.50 200
[44] 179 89.50 200
[48] 198 99.00 13554163620710973640
[49] 174 87.00 200
[50] 195 97.50 200
[51] 193 96.50 200
[52] 104 52.00 200
[53] 171 85.50 199
[54] 199 99.50 200
[55] 193 96.50 200

NODE 40 (9.000000 22.000000 0.000000):
--------------------------------------
[1] 158 79.00 200
[2] 197 98.50 200
[3] 198 99.00 200
[4] 161 80.50 199
[5] 190 95.00 200
[6] 111 55.50 199
[7] 191 95.50 200
[8] 194 97.00 200
[9] 39 19.50 197
[10] 151 75.50 198
[11] 166 83.00 200
[16] 196 98.00 200
[17] 192 96.00 200
[18] 196 98.00 200
[19] 170 85.00 200
[20] 196 98.00 200
[21] 176 88.00 200
[22] 192 96.00 200
[23] 187 93.50 200
[24] 176 88.00 200
[25] 165 82.50 200
[26] 164 82.00 199
[27] 166 83.00 200
[32] 1 0.50 1690051354
[33] 197 98.50 200
[34] 193 96.50 200
[35] 176 88.00 200
[36] 131 65.50 199
[37] 172 86.00 200
[38] 182 91.00 200
[39] 197 98.50 200
[41] 189 94.50 200
[42] 171 85.50 199
[43] 186 93.00 200
[44] 167 83.50 200
[48] 197 98.50 13272293919325946056
[49] 193 96.50 200
[50] 195 97.50 200
[51] 194 97.00 200
[52] 190 95.00 200
[53] 173 86.50 199
[54] 198 99.00 200
[55] 178 89.00 199

NODE 46 (13.000000 26.000000 0.000000):
--------------------------------------
[1] 116 58.00 200
[2] 197 98.50 200
[3] 197 98.50 200
[4] 165 82.50 199
[5] 190 95.00 200
[6] 197 98.50 200
[7] 196 98.00 200
[8] 194 97.00 200
[9] 170 85.00 200
[10] 120 60.00 196
[11] 168 84.00 200
[16] 194 97.00 200
[17] 25 12.50 126
[18] 186 93.00 200
[19] 161 80.50 200
[20] 196 98.00 200
[21] 93 46.50 200
[22] 194 97.00 200
[23] 190 95.00 200
[24] 74 37.00 200
[25] 169 84.50 200
[26] 162 81.00 199
[27] 166 83.00 200
[32] 1 0.50 200
[33] 196 98.00 200
[34] 194 97.00 200
[35] 174 87.00 200
[36] 168 84.00 199
[37] 165 82.50 200
[38] 158 79.00 199
[39] 198 99.00 200
[40] 197 98.50 200
[41] 190 95.00 200
[42] 171 85.50 199
[43] 168 84.00 199
[44] 161 80.50 200
[48] 197 98.50 13585873536056033480
[49] 194 97.00 200
[50] 195 97.50 200
[51] 194 97.00 200
[52] 183 91.50 200
[53] 172 86.00 199
[54] 194 97.00 200
[55] 195 97.50 200

NODE 47 (13.000000 14.000000 0.000000):
--------------------------------------
[1] 181 90.50 200
[2] 193 96.50 200
[3] 121 60.50 200
[4] 158 79.00 199
[5] 189 94.50 200
[6] 197 98.50 200
[7] 193 96.50 200
[8] 192 96.00 200
[9] 163 81.50 200
[10] 110 55.00 200
[11] 165 82.50 200
[16] 196 98.00 200
[17] 193 96.50 200
[18] 196 98.00 200
[19] 175 87.50 200
[20] 194 97.00 200
[21] 174 87.00 200
[22] 193 96.50 200
[23] 184 92.00 200
[24] 170 85.00 200
[25] 107 53.50 200
[26] 171 85.50 200
[27] 170 85.00 200
[32] 1 0.50 1287398170
[33] 195 97.50 200
[34] 112 56.00 200
[35] 174 87.00 200
[36] 179 89.50 200
[37] 152 76.00 200
[38] 178 89.00 200
[39] 191 95.50 200
[40] 193 96.50 200
[41] 191 95.50 200
[42] 176 88.00 199
[43] 161 80.50 199
[44] 162 81.00 200
[48] 197 98.50 13556681502338580680
[49] 192 96.00 200
[50] 197 98.50 200
[51] 193 96.50 200
[52] 165 82.50 200
[53] 170 85.00 199
[54] 197 98.50 200
[55] 195 97.50 200

NODE 49 (13.000000 18.000000 0.000000):
--------------------------------------
[1] 193 96.50 200
[2] 197 98.50 200
[3] 197 98.50 200
[4] 168 84.00 199
[5] 147 73.50 200
[6] 198 99.00 200
[7] 135 67.50 199
[8] 193 96.50 200
[9] 163 81.50 200
[10] 141 70.50 200
[11] 161 80.50 200
[16] 197 98.50 200
[17] 188 94.00 200
[18] 194 97.00 200
[19] 177 88.50 200
[20] 197 98.50 200
[21] 172 86.00 200
[22] 193 96.50 200
[23] 188 94.00 200
[24] 175 87.50 200
[25] 156 78.00 200
[26] 7 3.50 176
[27] 167 83.50 200
[32] 1 0.50 1287398170
[33] 195 97.50 200
[34] 195 97.50 200
[35] 184 92.00 200
[36] 176 88.00 199
[37] 170 85.00 200
[38] 166 83.00 199
[39] 199 99.50 200
[40] 197 98.50 200
[41] 174 87.00 200
[42] 10 5.00 197
[43] 165 82.50 199
[44] 157 78.50 200
[48] 198 99.00 13553988798362157256
[50] 196 98.00 200
[51] 195 97.50 200
[52] 165 82.50 200
[53] 165 82.50 199
[54] 198 99.00 200
[55] 193 96.50 200

NODE 52 (9.000000 26.000000 0.000000):
--------------------------------------
[1] 193 96.50 200
[2] 196 98.00 200
[3] 197 98.50 200
[4] 167 83.50 199
[5] 190 95.00 200
[6] 196 98.00 200
[7] 195 97.50 200
[8] 195 97.50 200
[9] 155 77.50 200
[10] 170 85.00 200
[11] 164 82.00 200
[0] 1 0.50 2886807361144487936
[16] 196 98.00 200
[17] 191 95.50 200
[18] 194 97.00 200
[19] 175 87.50 200
[20] 193 96.50 200
[21] 159 79.50 200
[22] 195 97.50 200
[23] 176 88.00 200
[24] 175 87.50 200
[25] 172 86.00 200
[26] 158 79.00 199
[27] 115 57.50 200
[32] 1 0.50 1287398170
[33] 195 97.50 200
[34] 195 97.50 200
[35] 182 91.00 200
[36] 168 84.00 199
[37] 156 78.00 200
[38] 171 85.50 200
[39] 198 99.00 200
[40] 196 98.00 200
[41] 186 93.00 200
[42] 173 86.50 199
[43] 168 84.00 199
[44] 165 82.50 200
[48] 198 99.00 13590142939706687688
[49] 192 96.00 200
[50] 175 87.50 200
[51] 195 97.50 200
[53] 164 82.00 199
[54] 198 99.00 200
[55] 194 97.00 200

NODE 51 (9.000000 18.000000 0.000000):
--------------------------------------
[1] 187 93.50 200
[2] 197 98.50 200
[3] 197 98.50 200
[4] 162 81.00 199
[5] 189 94.50 200
[6] 183 91.50 200
[7] 192 96.00 200
[8] 193 96.50 200
[9] 133 66.50 200
[10] 170 85.00 200
[11] 161 80.50 200
[16] 197 98.50 200
[17] 190 95.00 200
[18] 193 96.50 200
[19] 168 84.00 200
[20] 198 99.00 200
[21] 162 81.00 200
[22] 193 96.50 200
[23] 185 92.50 200
[24] 162 81.00 200
[25] 170 85.00 200
[26] 162 81.00 199
[27] 167 83.50 200
[32] 1 0.50 1287398170
[33] 196 98.00 200
[34] 192 96.00 200
[35] 170 85.00 200
[36] 175 87.50 199
[37] 170 85.00 200
[38] 178 89.00 200
[39] 195 97.50 200
[40] 195 97.50 200
[41] 190 95.00 200
[42] 174 87.00 199
[43] 181 90.50 200
[44] 165 82.50 200
[48] 197 98.50 11067772006123438280
[49] 194 97.00 200
[50] 196 98.00 200
[52] 187 93.50 200
[53] 172 86.00 199
[54] 197 98.50 200
[55] 193 96.50 200

NODE 50 (9.000000 10.000000 0.000000):
--------------------------------------
[1] 193 96.50 200
[2] 189 94.50 200
[3] 198 99.00 200
[4] 166 83.00 199
[5] 188 94.00 200
[6] 196 98.00 200
[7] 191 95.50 200
[8] 135 67.50 200
[9] 155 77.50 200
[10] 139 69.50 200
[11] 139 69.50 200
[16] 197 98.50 200
[17] 193 96.50 200
[18] 197 98.50 200
[19] 168 84.00 200
[20] 197 98.50 200
[21] 170 85.00 200
[22] 194 97.00 200
[23] 184 92.00 200
[24] 167 83.50 200
[25] 168 84.00 200
[26] 11 5.50 95
[27] 175 87.50 200
[32] 1 0.50 200
[33] 195 97.50 200
[34] 191 95.50 200
[35] 177 88.50 200
[36] 182 91.00 200
[37] 150 75.00 200
[38] 183 91.50 200
[39] 199 99.50 200
[40] 197 98.50 200
[41] 190 95.00 200
[42] 180 90.00 199
[43] 190 95.00 200
[44] 163 81.50 200
[48] 197 98.50 13297620070160138440
[49] 193 96.50 200
[51] 194 97.00 200
[52] 136 68.00 200
[53] 167 83.50 199
[54] 199 99.50 200
[55] 193 96.50 200

NODE 48 (13.000000 6.000000 0.000000):
--------------------------------------
[1] 192 96.00 200
[2] 196 98.00 200
[3] 194 97.00 200
[4] 161 80.50 199
[5] 190 95.00 200
[6] 196 98.00 200
[7] 2 1.00 137
[8] 188 94.00 200
[9] 138 69.00 200
[10] 162 81.00 200
[11] 156 78.00 200
[16] 195 97.50 200
[17] 194 97.00 200
[18] 195 97.50 200
[19] 171 85.50 200
[20] 195 97.50 200
[21] 178 89.00 200
[22] 192 96.00 200
[23] 188 94.00 200
[24] 153 76.50 200
[25] 156 78.00 200
[26] 173 86.50 199
[27] 179 89.50 200
[32] 1 0.50 1287398170
[33] 198 99.00 200
[34] 191 95.50 200
[35] 165 82.50 200
[36] 176 88.00 199
[37] 153 76.50 200
[38] 183 91.50 200
[39] 187 93.50 200
[40] 197 98.50 200
[41] 191 95.50 200
[42] 180 90.00 199
[43] 178 89.00 200
[44] 172 86.00 200
[49] 193 96.50 200
[50] 194 97.00 200
[51] 195 97.50 200
[52] 162 81.00 200
[53] 173 86.50 200
[54] 198 99.00 200
[55] 185 92.50 195

NODE 45 (13.000000 2.000000 0.000000):
--------------------------------------
[1] 40 20.00 154
[2] 198 99.00 200
[3] 197 98.50 200
[4] 168 84.00 200
[5] 75 37.50 200
[6] 196 98.00 200
[7] 193 96.50 200
[9] 151 75.50 200
[10] 158 79.00 200
[11] 161 80.50 200
[16] 195 97.50 200
[17] 193 96.50 200
[18] 195 97.50 200
[19] 180 90.00 200
[20] 197 98.50 200
[21] 181 90.50 200
[22] 193 96.50 200
[23] 184 92.00 200
[24] 165 82.50 200
[25] 164 82.00 200
[26] 177 88.50 200
[27] 171 85.50 200
[32] 1 0.50 200
[33] 196 98.00 200
[34] 189 94.50 200
[35] 170 85.00 200
[36] 171 85.50 199
[37] 146 73.00 200
[38] 183 91.50 200
[39] 196 98.00 200
[40] 155 77.50 200
[41] 189 94.50 200
[42] 182 91.00 200
[43] 187 93.50 200
[44] 180 90.00 200
[48] 198 99.00 13549584154781286600
[49] 192 96.00 200
[50] 196 98.00 200
[51] 169 84.50 200
[52] 157 78.50 200
[53] 168 84.00 199
[54] 74 37.00 174
[55] 191 95.50 200

NODE 44 (5.000000 2.000000 0.000000):
--------------------------------------
[1] 105 52.50 199
[2] 197 98.50 200
[3] 74 37.00 200
[4] 114 57.00 197
[5] 47 23.50 172
[6] 53 26.50 191
[7] 9 4.50 39
[9] 166 83.00 200
[10] 41 20.50 198
[11] 166 83.00 200
[16] 40 20.00 200
[17] 192 96.00 200
[18] 143 71.50 200
[19] 132 66.00 200
[20] 194 97.00 200
[21] 54 27.00 199
[22] 193 96.50 200
[23] 187 93.50 200
[24] 171 85.50 200
[25] 176 88.00 200
[26] 169 84.50 199
[27] 188 94.00 200
[32] 1 0.50 1287398238
[33] 198 99.00 200
[34] 125 62.50 200
[35] 179 89.50 200
[36] 189 94.50 200
[37] 182 91.00 200
[38] 183 91.50 200
[39] 195 97.50 200
[40] 196 98.00 200
[41] 189 94.50 200
[42] 197 98.50 200
[43] 195 97.50 200
[48] 197 98.50 13311007723739939016
[49] 194 97.00 200
[50] 161 80.50 200
[51] 193 96.50 200
[52] 173 86.50 200
[53] 171 85.50 199
[54] 121 60.50 168
[55] 192 96.00 199

NODE 43 (9.000000 2.000000 0.000000):
--------------------------------------
[1] 101 50.50 197
[2] 196 98.00 200
[3] 192 96.00 199
[4] 172 86.00 199
[5] 89 44.50 197
[6] 197 98.50 200
[7] 4 2.00 107
[9] 110 55.00 185
[11] 159 79.50 200
[16] 135 67.50 198
[17] 191 95.50 200
[18] 197 98.50 200
[19] 176 88.00 200
[20] 1 0.50 133
[21] 183 91.50 200
[22] 166 83.00 200
[23] 119 59.50 198
[24] 167 83.50 200
[25] 124 62.00 195
[26] 167 83.50 199
[27] 175 87.50 200
[32] 1 0.50 2159937088
[33] 195 97.50 200
[34] 194 97.00 200
[35] 173 86.50 200
[36] 183 91.50 199
[37] 174 87.00 200
[38] 184 92.00 200
[39] 199 99.50 200
[40] 196 98.00 200
[41] 191 95.50 200
[42] 181 90.50 200
[44] 190 95.00 200
[48] 199 99.50 200
[49] 193 96.50 200
[50] 197 98.50 200
[51] 195 97.50 200
[52] 160 80.00 200
[53] 174 87.00 200
[54] 65 32.50 200
[55] 172 86.00 200

NODE 55 (17.000000 26.000000 0.000000):
--------------------------------------
[1] 194 97.00 200
[2] 197 98.50 200
[3] 197 98.50 200
[4] 170 85.00 200
[5] 188 94.00 200
[6] 199 99.50 200
[7] 195 97.50 200
[8] 195 97.50 200
[9] 171 85.50 200
[10] 154 77.00 200
[11] 159 79.50 200
[16] 196 98.00 200
[17] 167 83.50 200
[18] 195 97.50 200
[19] 85 42.50 199
[20] 196 98.00 200
[21] 165 82.50 200
[22] 194 97.00 200
[23] 187 93.50 200
[24] 173 86.50 200
[25] 183 91.50 200
[26] 155 77.50 199
[27] 180 90.00 200
[32] 1 0.50 1287398170
[33] 197 98.50 200
[34] 192 96.00 200
[35] 169 84.50 200
[36] 166 83.00 199
[37] 161 80.50 200
[38] 169 84.50 199
[39] 196 98.00 200
[40] 196 98.00 200
[41] 190 95.00 200
[42] 91 45.50 152
[43] 158 79.00 199
[44] 163 81.50 200
[48] 196 98.00 13558125161105850568
[49] 194 97.00 200
[50] 197 98.50 200
[51] 195 97.50 200
[52] 165 82.50 200
[53] 171 85.50 199
[54] 198 99.00 200

NODE 54 (17.000000 18.000000 0.000000):
--------------------------------------
[1] 193 96.50 200
[2] 197 98.50 200
[3] 198 99.00 200
[4] 168 84.00 200
[5] 190 95.00 200
[6] 196 98.00 200
[7] 195 97.50 200
[8] 193 96.50 200
[9] 141 70.50 200
[10] 168 84.00 200
[11] 162 81.00 200
[16] 197 98.50 200
[17] 191 95.50 200
[18] 193 96.50 200
[19] 171 85.50 200
[20] 196 98.00 200
[21] 164 82.00 200
[22] 194 97.00 200
[23] 190 95.00 200
[24] 169 84.50 200
[25] 189 94.50 200
[26] 170 85.00 199
[27] 168 84.00 200
[32] 1 0.50 200
[33] 82 41.00 196
[34] 192 96.00 200
[35] 177 88.50 200
[36] 127 63.50 199
[37] 167 83.50 200
[38] 171 85.50 200
[39] 196 98.00 200
[40] 199 99.50 200
[41] 192 96.00 200
[42] 175 87.50 200
[43] 158 79.00 199
[44] 160 80.00 200
[48] 197 98.50 13308483245042565319
[49] 193 96.50 200
[50] 195 97.50 200
[51] 192 96.00 200
[52] 158 79.00 200
[53] 182 91.00 199
[55] 194 97.00 200

NODE 53 (17.000000 14.000000 0.000000):
--------------------------------------
[1] 98 49.00 200
[2] 197 98.50 200
[3] 188 94.00 200
[4] 167 83.50 199
[5] 189 94.50 200
[6] 196 98.00 200
[7] 193 96.50 200
[8] 194 97.00 200
[9] 156 78.00 200
[10] 167 83.50 200
[11] 133 66.50 200
[16] 197 98.50 200
[17] 193 96.50 200
[18] 195 97.50 200
[19] 172 86.00 200
[20] 111 55.50 199
[21] 166 83.00 200
[22] 194 97.00 200
[23] 188 94.00 200
[24] 171 85.50 200
[25] 168 84.00 200
[26] 169 84.50 199
[27] 177 88.50 200
[32] 1 0.50 200
[33] 196 98.00 200
[34] 189 94.50 200
[35] 166 83.00 200
[36] 168 84.00 199
[37] 150 75.00 200
[38] 166 83.00 199
[39] 196 98.00 200
[40] 197 98.50 200
[41] 193 96.50 200
[42] 175 87.50 199
[43] 172 86.00 199
[44] 164 82.00 200
[48] 199 99.50 13306280923252129992
[49] 192 96.00 200
[50] 198 99.00 200
[51] 194 97.00 200
[52] 157 78.50 200
[54] 199 99.50 200
[55] 193 96.50 200

