


************************************************************
NEW EXPERIMENT
DATE:  Fri Apr 30 13:19:45 2004
************************************************************

11
14
15
22
26
28
29
31
32
64
65
69
75
80
82
83
88
92
93
94
95
97
98
100
101
102
103
104
105
106
107
108
110
111
112
113
115
116
117
124
125
126
127
128
129
131
133
136
137
138
139
140
142
144
145
151
162
164
165
166
167
169
171
184
189
191
195
196
201
202
226
232
261
264
283
292
295
310
322
354
355
356
390
391
392
421
427
428
430
445
448
450
451
452
454
457
460
462
469
470
472
476
490
493
501
549
559
562
568
569
573
575
576
577
580
582
585
586
587
588
589
591
592
593
594
597
598
599
602
603
604
605
606
607
608
609
612
613
614
615
616
617
618
620
621
622
623
624
628
629
631
632
636
637
638
640
641
643
645
647
657
658
660
661
663
664
665
666
667
669
670
671
672
673
674
675
676
677
678
679
680
681
682
683
684
685
687
688
702
706
707
708
709
711
714
716
717
718
719
720
721
722
724
726
727
728
729
730
731
732
734
735
736
737
738
739
740
741
742
743
744
746
747
749
751
754
755
756
757
758
759
760
761
762
766
767
776
779
785
788
790
811
812
816
840
844
846
850
852
860
861
868
870
873
874
876
880
890
899
902
934
977
978
979
982
987
988
999
1012
1032
1033
1034
1039
1044
1056
1062
1063
1064
1079
1091
1095
1097
1099
1101
1121
1122
1127
1128
1131
1143
1145
1146
1148
1149
1152
1153
1154
1155
1157
1158
1160
1161
1162
1165
1166
1167
1169
1172
1174
1175
1178
1180
1183
1184
1185
1186
1188
1189
1190
1192
1194
1195
1196
1197
1198
1199
1202
1203
1205
1206
1207
1208
1210
1211
1212
1213
1214
1215
1216
1217
1218
1219
1220
1221
1223
1228
1230
1232
1235
1236
1238
1240
1241
1242
1243
1244
1246
1247
1248
1249
1250
1251
1252
1253
1254
1256
1257
1258
1259
1260
1264
1265
1267
1268
1269
1271
1272
1273
1275
1276
1278
1279
1280
1281
1282
1283
1284
1285
1286
1287
1290
1293
1323
1325
1332
1344
1347
1349
1356
1357
1358
1360
1364
1366
1368
1385
1388
1395
1396
1399
1400
1402
1403
1407
1409
1416
1426
1428
1429
1430
1431
1432
1433
1434
1435
1436
1440
1443
1445
1446
1449
1456
1462
1463
1464
1465
1466
1467
1469
1470
1473
1474
1475
1476
1478
1481
1482
1483
1485
1491
1493
1497
1499
1500
1501
1502
1503
1504
1505
1506
1508
1509
1510
1511
1512
1513
1514
1515
1517
1518
1519
1520
1521
1522
1525
1526
1527
1528
1529
1530
1531
1532
1533
1534
1535
1536
1537
1538
1539
1540
1541
1542
1546
1547
1549
1551
1552
1553
1554
1555
1557
1561
1564
1565
1566
1569
1570
1572
1576
1580
1581
1582
1585
1586
1587
1588
1589
1590
1591
1593
1594
1596
1598
1599
1601
1604
1605
1606
1608
1609
1610
1612
1613
1614
1616
1617
1618
1619
1621
1623
1624
1625
1626
1627
1628
1631
1633
1634
1635
1636
1638
1641
1642
1643
1644
1645
1646
1647
1649
1650
1652
1653
1657
1658
1660
1661
1662
1663
1664
1665
1668
1670
1671
1672
1673
1674
1675
1676
1679
1680
1681
1683
1685
1686
1691
1692
1693
1694
1695
1696
1697
1699
1700
1701
1703
1704
1706
1707
1708
1710
1711
1712
1713
1714
1719
1721
1722
1723
1724
1725
1726
1728
1729
1731
1732
1733
1735
1736
1738
1739
1740
1742
1743
1745
1746
1747
1748
1749
1750
1751
1752
1753
1755
1756
1757
1758
1760
1761
1762
1765
1767
1768
1769
1770
1771
1772
1773
1774
1775
1776
1777
1780
1782
1783
1784
1785
1786
1787
1788
1789
1790
1791
1792
1796
1797
1798
1800
1801
1802
1803
1804
1805
1806
1808
1810
1811
1812
1815
1816
1817
1818
1819
1820
1821
1822
1823
1824
1828
1829
1830
1831
1832
1833
1834
1835
1836
1837
1838
1839
1840
1841
1842
1843
1844
1845
1847
1848
1849
1850
1851
1852
1853
1854
1856
1859
1860
1861
1863
1864
1865
1866
1867
1868
1869
1870
1871
1873
1875
1876
1879
1881
1883
1886
1887
1889
1890
1891
1892
1894
1897
1899
1900
1901
1903
1904
1905
1906
1907
1908
1909
1910
1911
1912
1913
1914
1916
1917
1920
1921
1922
1923
1924
1925
1927
1929
1930
1931
1933
1934
1935
1936
1937
1938
1939
1943
1944
1946
1947
1951
1952
1953
1954
1957
1971
1972
1977
1983
1984
1986
1988
1991
1994
1996
1997
1999
2001
2004
2008
2012
2015
2017
2021
2034
2035
2044
2054
2055
2057
2061
2062
2064
2065
2066
2068
2069
2070
2071
2072
2073
2075
2077
2080
2081
2082
2084
2086
2088
2089
2090
2091
2095
2096
2097
2099
2100
2103
2104
2105
2106
2107
2111
2117
2120
2121
2122
2123
2125
2126
2127
2128
2129
2131
2132
2140
2148
2150
2152
2153
2156
2157
2161
2162
2165
2166
2167
2168
2169
2172
2173
2174
2176
2180
2183
2196
2221
2228
2232
2241
2249
2252
2253
2258
2259
2261
2262
2266
2267
2268
2270
2273
2275
2276
2278
2279
2281
2284
2286
2287
2288
2289
2292
2294
2295
2296
2297
2298
2299
2300
2301
2302
2303
2304
2306
2308
2309
2310
2311
2312
2314
2315
2316
2318
2320
2322
2323
2324
2325
2326
2328
2330
2332
2334
2337
2340
2342
2345
2347
2348
2349
2350
2353
2354
2355
2356
2357
2358
2360
2361
2362
2363
2364
2366
2367
2370
2372
2373
2374
2375
2376
2377
2378
2379
2380
2381
2382
2383
2384
2385
2386
2387
2388
2389
2390
2392
2393
2394
2395
2396
2397
2398
2399
2400
2401
2403
2405
2406
2407
2410
2411
2412
2413
2414
2415
2419
2421
2423
2424
2425
2426
2427
2428
2429
2431
2432
2434
2435
2436
2439
2441
2443
2445
2447
2448
2450
2451
2452
2454
2455
2457
2459
2460
2461
2462
2463
2464
2465
2466
2467
2468
2469
2470
2471
2472
2473
2474
2475
2476
2477
2478
2479
2480
2481
2482
2483
2484
2485
2486
2488
2489
2492
2493
2494
2497
2498
2499
2500
2502
2503
2504
2505
2507
2514
2518
2520
2521
2522
2523
2524
2525
2526
2529
2532
2533
2534
2539
2540
2541
2547
2557
2558
2560
2562
2563
2564
2567
2568
2569
2570
2572
2575
2577
2578
2579
2581
2582
2584
2585
2588
2590
2598
2599
2600
2602
2609
2610
2611
2612
2613
2614
2621
2622
2634
2635
2636
2637
2638
2639
2640
2641
2642
2643
2649
2650
2651
2652
2653
2654
2655
2656
2657
2658
2659
2660
2661
2662
2663
2664
2665
2666
2668
2669
2671
2673
2674
2675
2676
2677
2678
2679
2680
2681
2682
2683
2687
2689
2690
2711
2712
2713
2715
2716
2718
2720
2721
2722
2723
2724
2725
2730
2731
2732
2734
2735
2736
2737
2740
2741
2742
2743
2744
2745
2746
2747
2748
2749
2750
2751
2752
2753
2780
2781
2785
2794
2795
2821
2824
2827
2941
2955
2997
3010
3013
3016
3019
3022
3023
3024
3025
3026
3030
3032
3034
3035
3036
3039
3040
3041
3043
3045
3046
3047
3048
3051
3052
3053
3055
3056
3057
3058
3059
3062
3063
3064
3066
3067
3068
3069
3070
3071
3072
3073
3076
3077
3078
3079
3082
3083
3085
3086
3087
3088
3093
3094
3096
3099
3103
3104
3110
3114
3115
3116
3119
3123
3124
3125
3132
3133
3137
3140
3141
3142
3154
3155
3156
3165
3169
3170
3177
3180
3182
3188
3191
3192
3196
3202
3204
3206
3210
3211
3213
3214
3215
3216
3217
3218
3222
3223
3224
3225
3233
3247
3248
3249
3250
3253
3256
3257
3271
3276
3277
3278
3279
3280
3283
3284
3285
3286
3287
3288
3289
3290
3291
3292
3295
3296
3298
3299
3300
3301
3302
3303
3304
3305
3307
3308
3310
3311
3312
3313
3314
3316
3317
3318
3319
3320
3321
3324
3326
3328
3332
3337
3339
3340
3341
3342
3345
3346
3347
3348
3349
3350
3353
3354
3355
3356
3357
3358
3359
3360
3361
3362
3363
3365
3366
3368
3369
3371
3372
3373
3375
3376
3377
3378
3379
3380
3381
3384
3385
3386
3387
3388
3389
3390
3392
3393
3394
3397
3398
3399
3400
3402
3404
3405
3406
3407
3408
3411
3412
3413
3415
3416
3417
3418
3419
3421
3422
3423
3425
3426
3427
3428
3429
3430
3431
3432
3433
3435
3436
3437
3438
3439
3440
3441
3442
3443
3444
3445
3447
3448
3449
3452
3453
3454
3455
3456
3457
3459
3460
3461
3462
3463
3464
3465
3467
3468
3469
3470
3472
3473
3475
3476
3477
3478
3479
3480
3481
3482
3483
3484
3485
3486
3487
3488
3490
3491
3492
3493
3495
3496
3497
3498
3499
3500
3501
3502
3503
3504
3505
3506
3507
3508
3509
3510
3511
3512
3513
3514
3515
3516
3517
3519
3520
3521
3522
3523
3525
3526
3527
3528
3529
3530
3531
3532
3533
3534
3535
3536
3537
3538
3539
3540
3541
3543
3544
3545
3546
3547
3548
3549
3550
3551
3552
3553
3554
3555
3556
3557
3558
3559
3560
3561
3562
3563
3564
3565
3566
3567
3568
3569
3570
3571
3572
3573
3574
3575
3576
3577
3578
3579
3580
3581
3582
3583
3584
3585
3586
3587
3588
3589
3590
3591
3592
3593
3595
3596
3597
3598
3599
3600
3601
3602
3603
3604
3605
3606
3607
3608
3609
3610
3611
3612
3613
3614
3616
3617
3618
3619
3620
3621
3622
3623
3624
3626
3627
3629
3630
3631
3632
3633
3634
3635
3636
3637
3638
3641
3642
3643
3645
3646
3647
3649
3650
3651
3653
3654
3655
3656
3657
3658
3659
3660
3661
3662
3663
3664
3665
3666
3667
3668
3669
3670
3671
3673
3675
3676
3677
3678
3680
3681
3682
3683
3684
3685
3686
3687
3688
3689
3690
3691
3692
3693
3695
3696
3698
3701
3702
3703
3704
3705
3708
3709
3712
3713
3714
3715
3717
3718
3720
3721
3723
3724
3727
3728
3729
3730
3731
3733
3734
3735
3737
3738
3740
3741
3744
3746
3748
3749
3751
3752
3753
3754
3755
3757
3762
3763
3764
3765
3769
3770
3771
3774
3775
3776
3777
3778
3779
3780
3781
3782
3783
3784
3785
3786
3787
3789
3790
3791
3792
3793
3794
3795
3796
3797
3798
3800
3801
3802
3803
3804
3805
3806
3807
3809
3810
3812
3813
3814
3815
3816
3817
3818
3819
3820
3821
3822
3823
3824
3825
3826
3828
3829
3830
3831
3832
3833
3834
3835
3836
3837
3838
3839
3840
3841
3842
3843
3844
3845
3846
3847
3848
3849
3850
3851
3853
3855
3856
3857
3858
3859
3860
3861
3862
3863
3864
3865
3866
3867
3868
3869
3870
3871
3872
3874
3875
3876
3878
3879
3881
3882
3883
3884
3885
3886
3887
3889
3890
3891
3893
3894
3895
3896
3897
3898
3901
3903
3904
3905
3906
3907
3908
3909
3910
3911
3912
3913
3914
3915
3916
3918
3919
3921
3922
3923
3924
3925
3926
3927
3928
3929
3930
3931
3932
3933
3935
3936
3937
3938
3939
3940
3941
3942
3943
3944
3945
3946
3947
3948
3949
3950
3951
3953
3955
3956
3957
3958
3959
3960
3961
3962
3963
3964
3965
3966
3967
3968
3969
3970
3971
3974
3975
3976
3977
3978
3979
3980
3981
3982
3983
3984
3985
3986
3987
3988
3989
3990
3992
3993
3994
3995
3996
3997
3998
3999
4000
4001
4002
4003
4007
4008
4010
4011
4012
4013
4015
4016
4017
4019
4020
4021
4022
4023
4025
4026
4027
4028
4029
4031
4032
4033
4034
4035
4036
4037
4040
4041
4042
4043
4044
4045
4046
4048
4049
4050
4053
4054
4055
4056
4057
4058
4061
4062
4063
4064
4065
4066
4067
4068
4069
4071
4072
4073
4074
4075
4076
4077
4078
4080
4081
4082
4084
4085
4086
4087
4088
4089
4090
4091
4094
4095
4096
4097
4098
4099
4100
4101
4102
4103
4104
4105
4106
4107
4108
4110
4111
4112
4113
4114
4115
4116
4117
4118
4119
4120
4121
4122
4123
4124
4125
4126
4128
4130
4132
4133
4134
4135
4136
4137
4138
4139
4140
4141
4143
4144
4145
4146
4147
4148
4149
4150
4151
4152
4153
4154
4155
4156
4157
4158
4159
4161
4162
4163
4164
4165
4167
4169
4170
4171
4172
4173
4174
4175
4176
4177
4178
4179
4180
4181
4182
4185
4186
4187
4188
4189
4190
4191
4192
4193
4194
4195
4196
4197
4199
4200
4202
4203
4204
4206
4207
4208
4209
4210
4211
4213
4214
4215
4216
4217
4218
4219
4220
4221
4223
4224
4225
4226
4227
4228
4229
4230
4231
4232
4233
4234
4235
4236
4237
4238
4239
4241
4242
4243
4244
4245
4246
4247
4248
4250
4251
4252
4253
4255
4256
4257
4258
4259
4260
4261
4262
4263
4264
4266
4268
4269
4270
4271
4272
4273
4274
4276
4277
4279
4280
4281
4283
4284
4285
4286
4287
4288
4289
4290
4291
4292
4293
4294
4295
4296
4298
4300
4301
4302
4303
4304
4306
4308
4309
4310
4311
4312
4313
4315
4316
4317
4318
4319
4320
4321
4322
4324
4325
4326
4327
4328
4329
4330
4331
4334
4335
4336
4337
4338
4339
4340
4341
4342
4343
4344
4346
4347
4348
4349
4350
4351
4352
4354
4355
4356
4357
4359
4360
4361
4362
4363
4364
4366
4367
4368
4369
4370
4371
4372
4373
4374
4375
4376
4378
4380
4381
4382
4383
4384
4385
4386
4388
4389
4391
4392
4394
4395
4396
4397
4398
4399
4400
4401
4402
4403
4404
4406
4407
4408
4409
4410
4411
4412
4414
4415
4416
4417
4418
4419
4421
4422
4423
4424
4426
4427
4429
4430
4431
4436
4438
4439
4440
4441
4442
4443
4444
4445
4446
4447
4448
4449
4450
4451
4452
4453
4454
4455
4456
4457
4458
4459
4460
4461
4462
4463
4464
4465
4466
4467
4468
4469
4470
4472
4473
4474
4475
4476
4478
4479
4480
4481
4482
4483
4485
4486
4487
4488
4489
4490
4492
4493
4494
4495
4496
4497
4498
4499
4500
4502
4503
4504
4505
4506
4507
4509
4510
4511
4512
4513
4514
4516
4517
4521
4522
4523
4524
4525
4526
4527
4528
4530
4532
4533
4534
4535
4536
4537
4538
4540
4541
4542
4543
4545
4546
4547
4548
4549
4550
4551
4552
4553
4554
4555
4556
4558
4559
4560
4561
4562
4563
4564
4565
4566
4567
4569
4570
4571
4572
4573
4574
4575
4576
4577
4578
4579
4580
4581
4582
4583
4584
4585
4586
4587
4588
4589
4591
4592
4593
4595
4598
4599
4600
4601
4602
4603
4605
4606
4607
4608
4609
4610
4611
4612
4613
4615
4616
4617
4618
4619
4620
4622
4623
4624
4625
4626
4627
4628
4629
4631
4632
4633
4635
4636
4639
4640
4641
4642
4643
4645
4646
4647
4649
4651
4652
4653
4654
4655
4656
4657
4658
4659
4660
4661
4662
4663
4664
4665
4666
4668
4669
4670
4671
4672
4673
4674
4675
4676
4677
4678
4679
4680
4681
4682
4683
4684
4685
4687
4688
4689
4690
4691
4692
4693
4694
4695
4696
4697
4698
4699
4700
4701
4702
4703
4704
4705
4706
4707
4709
4710
4711
4712
4713
4714
4715
4717
4718
4719
4720
4721
4723
4724
4725
4726
4727
4728
4729
4730
4731
4732
4734
4736
4737
4738
4739
4740
4741
4742
4744
4745
4746
4747
4748
4749
4750
4751
4752
4754
4755
4756
4758
4759
4760
4761
4762
4763
4764
4765
4766
4767
4769
4770
4771
4772
4776
4777
4778
4779
4780
4781
4783
4784
4786
4787
4788
4789
4790
4791
4802
4804
4805
4806
4808
4809
4811
4812
4813
4814
4815
4816
4817
4818
4821
4822
4824
4825
4826
4828
4829
4831
4833
4836
4838
4840
4843
4844
4845
4846
4848
4850
4851
4852
4854
4855
4856
4857
4861
4864
4865
4872
4873
4874
4876
4877
4878
4879
4880
4882
4884
4886
4888
4890
4892
4894
4896
4897
4899
4900
4901
4902
4903
4904
4907
4908
4909
4910
4911
4912
4913
4915
4916
4917
4918
4919
4920
4921
4922
4923
4925
4926
4927
4928
4929
4930
4931
4932
4933
4935
4936
4938
4939
4941
4942
4944
4948
4949
4950
4951
4952
4953
4954
4956
4958
4959
4961
4962
4963
4964
4965
4966
4967
4968
4969
4971
4973
4975
4977
4978
4979
4980
4981
4985
4988
4991
4992
4993
4994
4995
4996
4998
4999
5000
5001
5002
5003
5004
5005
5006
5007
5008
5009
5011
5012
5014
5015
5016
5017
5019
5020
5021
5025
5026
5027
5028
5030
5034
5036
5040
5042
5045
5047
5048
5053
5059
5061
5064
5083
5084
5087
5088
5089
5093
5094
5095
5096
5097
5101
5103
5104
5105
5109
5110
5111
5112
5113
5114
5115
5117
5118
5119
5120
5122
5123
5124
5125
5126
5127
5128
5129
5132
5133
5135
5136
5137
5142
5143
5144
5145
5146
5147
5148
5149
5150
5151
5152
5153
5154
5156
5157
5164
5165
5166
5167
5169
5171
5172
5173
5175
5177
5179
5180
5181
5185
5188
5189
5191
5193
5194
5197
5200
5202
5203
5204
5206
5207
5208
5209
5210
5211
5214
5215
5217
5218
5219
5220
5223
5225
5228
5229
5230
5231
5232
5233
5234
5235
5236
5237
5238
5241
5242
5243
5245
5249
5254
5280
5284
5286
5290
5295
5296
5298
5299
5302
5304
5306
5316
5317
5319
5320
5321
5324
5326
5333
5352
5358
5359
5360
5366
5378
5392
5397
5400
5426
5431
5453
5465
5484
5510
5517
5536
5572
5574
5579
5601
5951
6328
6338
6365
7066
7067
7068
7080
