1    8.8392   4.2672  0.0
2    8.8392   5.4864  0.0
3    10.0584  5.4864  0.0
4    8.8392   2.4384  0.0
5    10.0584  4.2672  0.0
6    10.0584  6.7056  0.0
7    7.62     7.9248  0.0
8    6.4008   7.9248  0.0
9    8.8392   7.9248  0.0
10   11.2776  7.9248  0.0
11   8.8392   6.7056  0.0
12   11.2776  4.2672  0.0
13   11.2776  6.7056  0.0
14   11.2776  5.4864  0.0
15   5.1816   3.048   0.0
16   10.0584  7.9248  0.0
17   7.62     0.6096  0.0
18   7.62     5.4864  0.0
19   7.62     4.2672  0.0
20   7.62     1.8288  0.0
21   7.62     3.048   0.0
22   7.62     6.7056  0.0
23   6.4008   4.2672  0.0
24   6.4008   5.4864  0.0
25   6.4008   6.7056  0.0
26   6.4008   0.6096  0.0
27   6.4008   3.048   0.0
28   6.4008   1.8288  0.0
29   5.1816   0.6096  0.0
30   5.1816   1.8288  0.0
31   3.9624   6.7056  0.0
32   5.1816   6.7056  0.0
33   1.524    5.4864  0.0
34   1.524    7.9248  0.0
35   1.524    6.7056  0.0
36   1.524    3.048   0.0
37   1.524    4.2672  0.0
38   2.7432   1.8288  0.0
39   2.7432   4.2672  0.0
40   2.7432   6.7056  0.0
41   3.9624   3.048   0.0
42   1.524    1.8288  0.0
43   2.7432   0.6096  0.0
44   1.524    0.6096  0.0
45   3.9624   0.6096  0.0
46   3.9624   7.9248  0.0
47   3.9624   4.2672  0.0
48   3.9624   1.8288  0.0
49   3.9624   5.4864  0.0
50   2.7432   3.048   0.0
51   2.7432   5.4864  0.0
52   2.7432   7.9248  0.0
53   5.1816   4.2672  0.0
54   5.1816   5.4864  0.0
55   5.1816   7.9248  0.0
